8.5840395457187330E-002	4.6807000000000004E-013
1.6637115693632087E-001	8.1038819999999995E-004
2.4439251849756519E-001	1.4516646000000001E-003
3.2137227611817110E-001	2.0659720000000001E-003
3.9814769414232132E-001	2.4551600000000001E-003
4.7533293889404510E-001	2.6608959999999998E-003
5.5325529517598238E-001	2.6631360000000000E-003
6.3195711606682392E-001	2.5009180000000000E-003
7.1135807892432723E-001	2.2800740000000000E-003
7.9134462713389686E-001	2.0648559999999999E-003
8.7178746356150461E-001	1.9195886000000001E-003
9.5248066678785759E-001	1.7761334000000000E-003
1.0333566336988587E+000	1.6766214000000000E-003
1.1143348859339866E+000	1.6064464000000000E-003
1.1954612079878302E+000	1.5252940000000000E-003
1.2766763207463274E+000	1.4811512000000001E-003
1.3579952992960316E+000	1.4207540000000000E-003
1.4394226014008729E+000	1.3770614000000001E-003
1.5209114946546778E+000	1.3071330000000000E-003
1.6024962782324010E+000	1.2434557999999999E-003
1.6841540387321934E+000	1.1809230000000000E-003
1.7658842106306352E+000	1.1260470000000000E-003
1.8477011550402169E+000	1.0543854000000001E-003
1.9296115742786284E+000	9.7445979999999995E-004
2.0116046841168065E+000	8.9966000000000004E-004
2.0936532005600443E+000	8.2202839999999996E-004
2.1757471712946161E+000	7.3191079999999995E-004
2.2578950745953223E+000	6.4530119999999999E-004
2.3401035553595966E+000	5.6889780000000001E-004
2.4223763406699477E+000	4.9482240000000004E-004
2.5047149623498544E+000	4.1254840000000002E-004
2.5871223892815074E+000	3.2015739999999998E-004
2.6695966931174908E+000	2.3206219999999999E-004
2.7521289971833607E+000	1.4722779999999999E-004
2.8347092228351030E+000	6.2325739999999995E-005
2.9173276696760819E+000	-2.2755180000000001E-005
2.9999806557345257E+000	-1.0696088000000000E-004
3.0826713435666266E+000	-1.8599573999999999E-004
3.1654044309367531E+000	-2.5848240000000001E-004
3.2481832410042903E+000	-3.2778879999999997E-004
3.3310074205302769E+000	-3.9654540000000002E-004
3.4138756077430599E+000	-4.6488079999999998E-004
3.4967872489263274E+000	-5.3079039999999998E-004
3.5797419302995648E+000	-5.9270000000000004E-004
3.6627402843610639E+000	-6.4969300000000002E-004
3.7457835987581332E+000	-7.0092579999999998E-004
3.8288713768797962E+000	-7.4697320000000002E-004
3.9119992382022999E+000	-7.8883100000000004E-004
3.9951597331972999E+000	-8.2666740000000003E-004
4.0783458506569747E+000	-8.5957679999999997E-004
4.1615536231460561E+000	-8.8633099999999997E-004
4.2447827283035497E+000	-9.0614299999999999E-004
4.3280359230145242E+000	-9.1845399999999997E-004
4.4113179183799849E+000	-9.2406300000000003E-004
4.4946335957287529E+000	-9.2402540000000000E-004
4.5779859039689415E+000	-9.1891719999999996E-004
4.6613748897633380E+000	-9.0906199999999998E-004
4.7447980985054974E+000	-8.9472599999999998E-004
4.8282516141239027E+000	-8.7582739999999995E-004
4.9117311993126451E+000	-8.5195379999999997E-004
4.9952333943976930E+000	-8.2242980000000001E-004
5.0787565385989817E+000	-7.8666059999999999E-004
5.1623012759449711E+000	-7.4480680000000004E-004
5.2458701175748681E+000	-6.9723099999999998E-004
5.3294661700434123E+000	-6.4466640000000004E-004
5.4130916043764516E+000	-5.8800879999999995E-004
5.4967465955881654E+000	-5.2789760000000003E-004
5.5804291763649685E+000	-4.6491540000000002E-004
5.6641358913947020E+000	-3.9935920000000002E-004
5.7478627730890492E+000	-3.3126740000000003E-004
5.8316062242416553E+000	-2.6047800000000002E-004
5.9153636462142378E+000	-1.8700678000000001E-004
5.9991338067386319E+000	-1.1115386000000000E-004
6.0829169786338184E+000	-3.3273099999999998E-005
6.1667148423103271E+000	4.6085920000000000E-005
6.2505301212696729E+000	1.2628646000000001E-004
6.3343659786564412E+000	2.0665260000000000E-004
6.4182252983729517E+000	2.8647299999999998E-004
6.5021100422954987E+000	3.6513019999999998E-004
6.5860208868652075E+000	4.4213260000000002E-004
6.6699571840668419E+000	5.1711879999999995E-004
6.7539171893610312E+000	5.8986700000000000E-004
6.8378984392768141E+000	6.6025239999999998E-004
6.9218981550962964E+000	7.2819159999999998E-004
7.0059135878710972E+000	7.9356100000000003E-004
7.0899422811198018E+000	8.5612020000000000E-004
7.1739822680652914E+000	9.1552579999999999E-004
7.2580322158409496E+000	9.7138019999999995E-004
7.3420914986811052E+000	1.0232906000000000E-003
7.4261601686520917E+000	1.0708332000000001E-003
7.5102388120668753E+000	1.1135766000000000E-003
7.5943283155685242E+000	1.1511218000000000E-003
7.6784295990037101E+000	1.1831298000000001E-003
7.7625433877359615E+000	1.2093020000000000E-003
7.8466700181308022E+000	1.2294500000000000E-003
7.9308094586014537E+000	1.2434860000000000E-003
8.0149615729010559E+000	1.2513976000000000E-003
8.0991261514311592E+000	1.2532168000000000E-003
8.1833030556521376E+000	1.2490051999999999E-003
8.2674923106628349E+000	1.2388035999999999E-003
8.3516941221411063E+000	1.2226673999999999E-003
8.4359088263540460E+000	1.2006192000000001E-003
8.5201368008715637E+000	1.1726817999999999E-003
8.6043783704897336E+000	1.1389038000000000E-003
8.6886337341059932E+000	1.0994068000000001E-003
8.7729029241031338E+000	1.0543592000000000E-003
8.8571857988097875E+000	1.0039872000000001E-003
8.9414820580003997E+000	9.4854800000000001E-004
9.0257912689295043E+000	8.8831200000000004E-004
9.1101128920934844E+000	8.2357299999999997E-004
9.1944461882075679E+000	7.5463820000000004E-004
9.2787903800923441E+000	6.8182959999999999E-004
9.3631447356453581E+000	6.0549159999999998E-004
9.4475085300674913E+000	5.2598439999999998E-004
9.5318810919820702E+000	4.4369160000000001E-004
9.6162618503163539E+000	3.5899659999999998E-004
9.7006503782790787E+000	2.7232940000000000E-004
9.7850464156374173E+000	1.8413714000000000E-004
9.8694498649968576E+000	9.4817979999999998E-005
9.9538607645500559E+000	4.8099259999999998E-006
1.0038279243175245E+001	-8.5462719999999999E-005
1.0122705467488215E+001	-1.7557714000000001E-004
1.0207139590862402E+001	-2.6511180000000001E-004
1.0291581713603176E+001	-3.5361760000000001E-004
1.0376031859343056E+001	-4.4065180000000002E-004
1.0460489969147554E+001	-5.2576599999999999E-004
1.0544955910573247E+001	-6.0851660000000001E-004
1.0629429496658265E+001	-6.8846059999999999E-004
1.0713910508793679E+001	-7.6516159999999998E-004
1.0798398718276163E+001	-8.3819760000000004E-004
1.0882893903603497E+001	-9.0716300000000000E-004
1.0967395863053035E+001	-9.7167079999999995E-004
1.1051904423917820E+001	-1.0313598000000000E-003
1.1136419450433030E+001	-1.0858943999999999E-003
1.1220940851725441E+001	-1.1349649999999999E-003
1.1305468589768074E+001	-1.1782930000000000E-003
1.1390002685854236E+001	-1.2156246000000000E-003
1.1474543223234859E+001	-1.2467340000000000E-003
1.1559090343767018E+001	-1.2714216000000000E-003
1.1643644237410886E+001	-1.2895230000000001E-003
1.1728205124722384E+001	-1.3009000000000000E-003
1.1812773234165496E+001	-1.3054469999999999E-003
1.1897348777125368E+001	-1.3030946000000001E-003
1.1981931923885867E+001	-1.2937970000000000E-003
1.2066522783605475E+001	-1.2775444000000000E-003
1.2151121390620029E+001	-1.2543573999999999E-003
1.2235727698394815E+001	-1.2242944000000000E-003
1.2320341581217640E+001	-1.1874402000000000E-003
1.2404962843081639E+001	-1.1439131999999999E-003
1.2489591232397581E+001	-1.0938645999999999E-003
1.2574226460650122E+001	-1.0374764000000000E-003
1.2658868222850307E+001	-9.7496740000000001E-004
1.2743516217630079E+001	-9.0658739999999996E-004
1.2828170164960625E+001	-8.3261800000000003E-004
1.2912829819833467E+001	-7.5337099999999997E-004
1.2997494980855789E+001	-6.6918939999999997E-004
1.3082165493493891E+001	-5.8044640000000001E-004
1.3166841248442454E+001	-4.8754100000000003E-004
1.3251522176283109E+001	-3.9090240000000002E-004
1.3336208239913788E+001	-2.9097800000000000E-004
1.3420899426235520E+001	-1.8823167999999999E-004
1.3505595738361986E+001	-8.3151319999999999E-005
1.3590297188952286E+001	2.3759060000000002E-005
1.3675003794921277E+001	1.3198638000000001E-004
1.3759715573349943E+001	2.4100860000000001E-004
1.3844432538138092E+001	3.5029400000000002E-004
1.3929154697047949E+001	4.5930839999999999E-004
1.4013882048904971E+001	5.6751320000000003E-004
1.4098614580981868E+001	6.7436860000000005E-004
1.4183352266806816E+001	7.7933739999999998E-004
1.4268095064769030E+001	8.8188160000000004E-004
1.4352842917879784E+001	9.8147360000000006E-004
1.4437595754930310E+001	1.0775979999999999E-003
1.4522353493027740E+001	1.1697484000000001E-003
1.4607116037780845E+001	1.2574324000000001E-003
1.4691883027012995E+001	1.3401750000000001E-003
1.4776654210993781E+001	1.4175192000000000E-003
1.4861429518941135E+001	1.4890293999999999E-003
1.4946208891183447E+001	1.5542924000000000E-003
1.5030992281373788E+001	1.6129219999999999E-003
1.5115779657305868E+001	1.6645604000000000E-003
1.5200571000317803E+001	1.7088784000000000E-003
1.5285366303379254E+001	1.7455780000000000E-003
1.5370165568132169E+001	1.7743946000000001E-003
1.5454968801252242E+001	1.7951002000000001E-003
1.5539776010558466E+001	1.8075026000000001E-003
1.5624587201326566E+001	1.8114500000000000E-003
1.5709402373235486E+001	1.8068278000000001E-003
1.5794221518265596E+001	1.7935602000000001E-003
1.5879044619818563E+001	1.7716164000000001E-003
1.5963871653026112E+001	1.7410028000000000E-003
1.6048702586155276E+001	1.7017709999999999E-003
1.6133537382844722E+001	1.6540141999999999E-003
1.6218376004816466E+001	1.5978658000000000E-003
1.6303218414617007E+001	1.5335016000000000E-003
1.6388064578002808E+001	1.4611360000000000E-003
1.6472914465719985E+001	1.3810249999999999E-003
1.6557768054453213E+001	1.2934646000000000E-003
1.6642625326933132E+001	1.1987904000000001E-003
1.6727486271286455E+001	1.0973745999999999E-003
1.6812350879790031E+001	9.8962719999999994E-004
1.6897219147271375E+001	8.7599179999999996E-004
1.6982091069401008E+001	7.5694599999999999E-004
1.7066966641088850E+001	6.3299940000000000E-004
1.7151845855163167E+001	5.0469179999999998E-004
1.7236728569002981E+001	3.7258940000000002E-004
1.7321614392812155E+001	2.3728280000000001E-004
1.7406503266397582E+001	9.9385700000000006E-005
1.7491395149225504E+001	-4.0470479999999997E-005
1.7576290000267196E+001	-1.8163696000000001E-004
1.7661187778614483E+001	-3.2345179999999999E-004
1.7746088444056230E+001	-4.6524140000000000E-004
1.7830991957519036E+001	-6.0632540000000003E-004
1.7915898281317677E+001	-7.4601859999999997E-004
1.8000807379184117E+001	-8.8363440000000003E-004
1.8085719216092475E+001	-1.0184872000000001E-003
1.8170633757925422E+001	-1.1498973999999999E-003
1.8255550971041846E+001	-1.2771928000000000E-003
1.8340470821820272E+001	-1.3997128000000001E-003
1.8425393276255786E+001	-1.5168104000000001E-003
1.8510318299670875E+001	-1.6278575999999999E-003
1.8595245856590093E+001	-1.7322462000000001E-003
1.8680175910809886E+001	-1.8293922000000001E-003
1.8765108425672924E+001	-1.9187382000000000E-003
1.8850043364533370E+001	-1.9997576000000002E-003
1.8934980691383998E+001	-2.0719540000000000E-003
1.9019920371598950E+001	-2.1348700000000001E-003
1.9104862372723272E+001	-2.1880820000000000E-003
1.9189806665243349E+001	-2.2312059999999999E-003
1.9274753223268196E+001	-2.2639060000000000E-003
1.9359702025051519E+001	-2.2858860000000000E-003
1.9444653053320437E+001	-2.2968960000000001E-003
1.9529606295367905E+001	-2.2967380000000000E-003
1.9614561742902659E+001	-2.2852620000000001E-003
1.9699519391685953E+001	-2.2623660000000000E-003
1.9784479240986432E+001	-2.2280059999999998E-003
1.9869441292916669E+001	-2.1821840000000002E-003
1.9954405551720885E+001	-2.1249600000000000E-003
2.0039372023076986E+001	-2.0564500000000000E-003
2.0124340713471874E+001	-1.9768168000000000E-003
2.0209311629692568E+001	-1.8862846000000000E-003
2.0294284778470395E+001	-1.7851276000000001E-003
2.0379260166276058E+001	-1.6736737999999999E-003
2.0464237799258488E+001	-1.5523040000000000E-003
2.0549217683295311E+001	-1.4214496000000000E-003
2.0634199824117704E+001	-1.2815920000000000E-003
2.0719184227476180E+001	-1.1332630000000000E-003
2.0804170899288977E+001	-9.7703900000000008E-004
2.0889159845748377E+001	-8.1354059999999995E-004
2.0974151073359980E+001	-6.4343120000000004E-004
2.1059144588902075E+001	-4.6741440000000001E-004
2.1144140399303765E+001	-2.8623080000000000E-004
2.1229138511449708E+001	-1.0065522000000001E-004
2.1314138931936746E+001	8.8506599999999997E-005
2.1399141666802720E+001	2.8042040000000000E-004
2.1484146721257030E+001	4.7422700000000003E-004
2.1569154099434659E+001	6.6904780000000004E-004
2.1654163804185274E+001	8.6398740000000001E-004
2.1739175836908530E+001	1.0581364000000000E-003
2.1824190197434614E+001	1.2505766000000000E-003
2.1909206883946233E+001	1.4403858000000000E-003
2.1994225749895790E+001	1.6266396000000000E-003
2.2079246135033305E+001	1.8084170000000001E-003
2.2164267958160604E+001	1.9848038000000001E-003
2.2249291222268084E+001	2.1549000000000000E-003
2.2334315932640539E+001	2.3178199999999999E-003
2.2419342096755347E+001	2.4726980000000002E-003
2.2504369724137405E+001	2.6186980000000000E-003
2.2589398826195385E+001	2.7550059999999999E-003
2.2674429416043310E+001	2.8808459999999998E-003
2.2759461508316999E+001	2.9954800000000000E-003
2.2844495119003938E+001	3.0982060000000001E-003
2.2929530265301739E+001	3.1883739999999999E-003
2.3014566965512802E+001	3.2653719999999999E-003
2.3099605238968948E+001	3.3286499999999998E-003
2.3184645105986778E+001	3.3777059999999999E-003
2.3269686587850515E+001	3.4120959999999999E-003
2.3354729706819480E+001	3.4314419999999998E-003
2.3439774486142795E+001	3.4354239999999999E-003
2.3524820950067639E+001	3.4237920000000002E-003
2.3609869123829977E+001	3.3963639999999998E-003
2.3694919033616774E+001	3.3530240000000000E-003
2.3779970706500212E+001	3.2937280000000001E-003
2.3865024170332397E+001	3.2185080000000001E-003
2.3950079453595947E+001	3.1274660000000002E-003
2.4035136585219249E+001	3.0207780000000000E-003
2.4120195594357309E+001	2.8986939999999998E-003
2.4205256510147187E+001	2.7615420000000001E-003
2.4290319361439039E+001	2.6097180000000000E-003
2.4375384176514380E+001	2.4436919999999999E-003
2.4460450982797870E+001	2.2640099999999999E-003
2.4545519806570510E+001	2.0712840000000001E-003
2.4630590672690332E+001	1.8661973999999999E-003
2.4715663604326693E+001	1.6494978000000000E-003
2.4800738622720626E+001	1.4219981999999999E-003
2.4885815746963932E+001	1.1845740000000001E-003
2.4970894993803576E+001	9.3815879999999997E-004
2.5055976377478004E+001	6.8373659999999999E-004
2.5141059909579543E+001	4.2234640000000001E-004
2.5226145598952499E+001	1.5507394000000000E-004
2.5311233433366059E+001	-1.1695354000000000E-004
2.5396322662606611E+001	-3.9256939999999998E-004
2.5481412869134790E+001	-6.7056880000000002E-004
2.5566504023336364E+001	-9.4972139999999997E-004
2.5651596097843480E+001	-1.2287731999999999E-003
2.5736689067734503E+001	-1.5064516000000000E-003
2.5821782910723723E+001	-1.7814701999999999E-003
2.5906877607328092E+001	-2.0525380000000000E-003
2.5991973141015968E+001	-2.3183580000000000E-003
2.6077069498322494E+001	-2.5776420000000002E-003
2.6162166668935551E+001	-2.8291079999999999E-003
2.6247264645760428E+001	-3.0714879999999998E-003
2.6332363424950806E+001	-3.3035460000000001E-003
2.6417463005903588E+001	-3.5240599999999999E-003
2.6502563391231185E+001	-3.7318540000000002E-003
2.6587664586723950E+001	-3.9257820000000001E-003
2.6672766601274734E+001	-4.1047419999999998E-003
2.6757869446794391E+001	-4.2676859999999997E-003
2.6842973138121671E+001	-4.4136180000000002E-003
2.6928077692916808E+001	-4.5416120000000004E-003
2.7013183131543880E+001	-4.6507980000000003E-003
2.7098289476947649E+001	-4.7403860000000001E-003
2.7183396754524413E+001	-4.8096559999999998E-003
2.7268504991991630E+001	-4.8579699999999996E-003
2.7353614219249444E+001	-4.8847719999999999E-003
2.7438724468229061E+001	-4.8895919999999999E-003
2.7523835772736671E+001	-4.8720580000000003E-003
2.7608948168286851E+001	-4.8318859999999996E-003
2.7694061691921600E+001	-4.7688879999999998E-003
2.7779176382018893E+001	-4.6829819999999996E-003
2.7864292278087245E+001	-4.5741820000000004E-003
2.7949409420553881E+001	-4.4426060000000000E-003
2.8034527850540890E+001	-4.2884739999999996E-003
2.8119647609631013E+001	-4.1121159999999999E-003
2.8204768739625809E+001	-3.9139580000000004E-003
2.8289891282301724E+001	-3.6945379999999998E-003
2.8375015279170409E+001	-3.4544920000000000E-003
2.8460140771224143E+001	-3.1945599999999999E-003
2.8545267798687963E+001	-2.9155840000000001E-003
2.8630396400776544E+001	-2.6185000000000002E-003
2.8715526615446802E+001	-2.3043439999999998E-003
2.8800658479153423E+001	-1.9742428000000000E-003
2.8885792026611909E+001	-1.6294134000000000E-003
2.8970927290558404E+001	-1.2711542000000001E-003
2.9056064301517996E+001	-9.0084859999999998E-004
2.9141203087584135E+001	-5.1995419999999995E-004
2.9226343674198894E+001	-1.3000128000000000E-004
2.9311486083922976E+001	2.6741640000000000E-004
2.9396630336243266E+001	6.7064839999999995E-004
2.9481776447394154E+001	1.0779940000000001E-003
2.9566924430179562E+001	1.4877064000000000E-003
2.9652074293807345E+001	1.8980002000000000E-003
2.9737226029831259E+001	2.3070520000000000E-003
2.9822378505419064E+001	2.7130200000000000E-003
2.9907530991690230E+001	3.1140420000000000E-003
2.9992683479579139E+001	3.5082420000000000E-003
3.0077835964200318E+001	3.8937540000000001E-003
3.0162988444907121E+001	4.2687239999999998E-003
3.0248140925310235E+001	4.6313140000000001E-003
3.0333293413295372E+001	4.9797039999999997E-003
3.0418445921038867E+001	5.3121139999999997E-003
3.0503598464998245E+001	5.6268020000000002E-003
3.0588751065876586E+001	5.9220779999999999E-003
3.0673903748558686E+001	6.1963080000000002E-003
3.0759056542039495E+001	6.4479259999999997E-003
3.0844209479353299E+001	6.6754359999999999E-003
3.0929362597439258E+001	6.8774279999999997E-003
3.1014515937014227E+001	7.0525780000000003E-003
3.1099669542433301E+001	7.1996619999999999E-003
3.1184823461519059E+001	7.3175599999999999E-003
3.1269977745380682E+001	7.4052620000000001E-003
3.1355132448256121E+001	7.4618719999999996E-003
3.1440287627288562E+001	7.4866159999999998E-003
3.1525443342200916E+001	7.4788500000000004E-003
3.1610599655086059E+001	7.4380599999999998E-003
3.1695756630144253E+001	7.3638680000000000E-003
3.1780914333414184E+001	7.2560400000000001E-003
3.1866072832487717E+001	7.1144839999999999E-003
3.1951232196189562E+001	6.9392539999999997E-003
3.2036392494269457E+001	6.7305539999999997E-003
3.2121553797074135E+001	6.4887440000000003E-003
3.2206716175190948E+001	6.2143279999999999E-003
3.2291879699097024E+001	5.9079700000000002E-003
3.2377044438804965E+001	5.5704760000000004E-003
3.2462210463532230E+001	5.2028059999999999E-003
3.2547377841306485E+001	4.8060700000000000E-003
3.2632546638601028E+001	4.3815280000000000E-003
3.2717716919971537E+001	3.9305740000000000E-003
3.2802888747690517E+001	3.4547480000000001E-003
3.2888062181409850E+001	2.9557279999999999E-003
3.2973237277804174E+001	2.4353140000000001E-003
3.3058414090212096E+001	1.8954306000000000E-003
3.3143592668297373E+001	1.3381242000000001E-003
3.3228773057733676E+001	7.6554360000000003E-004
3.3313955299904450E+001	1.7994846000000001E-004
3.3399139431612511E+001	-4.1631140000000002E-004
3.3484325484811656E+001	-1.0207910000000001E-003
3.3569512896802166E+001	-1.6309779999999999E-003
3.3654699740806770E+001	-2.2442940000000000E-003
3.3739885836584605E+001	-2.8580799999999998E-003
3.3825071156981089E+001	-3.4696520000000002E-003
3.3910255680444834E+001	-4.0762940000000003E-003
3.3995439391167693E+001	-4.6752660000000000E-003
3.4080622279228137E+001	-5.2638279999999999E-003
3.4165804340747684E+001	-5.8392200000000000E-003
3.4250985577959170E+001	-6.3986859999999998E-003
3.4336165999261404E+001	-6.9395100000000003E-003
3.4421345619260258E+001	-7.4590200000000002E-003
3.4506524458813075E+001	-7.9545859999999996E-003
3.4591702545021235E+001	-8.4236220000000004E-003
3.4676879911177856E+001	-8.8636240000000005E-003
3.4762056596720960E+001	-9.2721699999999997E-003
3.4847232647171758E+001	-9.6469499999999996E-003
3.4932408113991713E+001	-9.9857360000000003E-003
3.5017583054424783E+001	-1.0286426000000000E-002
3.5102757531372951E+001	-1.0547050000000001E-002
3.5187931613158682E+001	-1.0765768000000000E-002
3.5273105373311864E+001	-1.0940906000000000E-002
3.5358278890298720E+001	-1.1070940000000000E-002
3.5443452247259820E+001	-1.1154524000000001E-002
3.5528625531729098E+001	-1.1190488000000000E-002
3.5613798835263736E+001	-1.1177848000000001E-002
3.5698972253059281E+001	-1.1115806000000001E-002
3.5784145883584195E+001	-1.1003778000000001E-002
3.5869319828157003E+001	-1.0841379999999999E-002
3.5954494190518389E+001	-1.0628436000000000E-002
3.6039669076403456E+001	-1.0364994000000001E-002
3.6124844593058441E+001	-1.0051324000000000E-002
3.6210020848703969E+001	-9.6879199999999992E-003
3.6295197952030982E+001	-9.2755000000000008E-003
3.6380376011744559E+001	-8.8150199999999998E-003
3.6465555135983642E+001	-8.3076439999999994E-003
3.6550735431755264E+001	-7.7547739999999999E-003
3.6635917004409670E+001	-7.1580220000000000E-003
3.6721099957117737E+001	-6.5192219999999999E-003
3.6806284390257225E+001	-5.8404279999999999E-003
3.6891470400859518E+001	-5.1239160000000001E-003
3.6976658082119563E+001	-4.3721419999999999E-003
3.7061847522727724E+001	-3.5877840000000001E-003
3.7147038806376599E+001	-2.7736940000000002E-003
3.7232232011287017E+001	-1.9329002000000001E-003
3.7317427209685633E+001	-1.0686120000000000E-003
3.7402624467309536E+001	-1.8418583999999999E-004
3.7487823842901747E+001	7.1688160000000004E-004
3.7573025387851807E+001	1.6309613999999999E-003
3.7658229145801180E+001	2.5543060000000001E-003
3.7743435152234397E+001	3.4830700000000000E-003
3.7828643023270288E+001	4.4132840000000000E-003
3.7913849638765591E+001	5.3409260000000002E-003
3.7999054322209510E+001	6.2618860000000004E-003
3.8084257049822099E+001	7.1720459999999996E-003
3.8169457806511105E+001	8.0672580000000008E-003
3.8254656586008544E+001	8.9433900000000007E-003
3.8339853390977161E+001	9.7963100000000008E-003
3.8425048233217396E+001	1.0621910000000000E-002
3.8510241133723696E+001	1.1416137999999999E-002
3.8595432122704082E+001	1.2174996000000000E-002
3.8680621239634952E+001	1.2894559999999999E-002
3.8765808533251715E+001	1.3571022000000000E-002
3.8850994061486745E+001	1.4200690000000000E-002
3.8936177891291187E+001	1.4779998000000001E-002
3.9021360098600169E+001	1.5305532000000000E-002
3.9106540768276602E+001	1.5774053999999999E-002
3.9191719993761296E+001	1.6182502000000001E-002
3.9276897876763933E+001	1.6528017999999998E-002
3.9362074527000459E+001	1.6807966000000001E-002
3.9447250061839057E+001	1.7019943999999999E-002
3.9532424605961687E+001	1.7161817999999999E-002
3.9617598290868870E+001	1.7231696000000001E-002
3.9702771254457389E+001	1.7227958000000002E-002
3.9787943640399718E+001	1.7149284000000001E-002
3.9873115597642297E+001	1.6994639999999998E-002
3.9958287279976375E+001	1.6763331999999999E-002
4.0043458845185825E+001	1.6454937999999999E-002
4.0128630454358827E+001	1.6069400000000001E-002
4.0213802271233135E+001	1.5606988000000000E-002
4.0298974461390593E+001	1.5068338000000001E-002
4.0384147191610808E+001	1.4454438000000000E-002
4.0469320628964589E+001	1.3766570000000001E-002
4.0554494939849612E+001	1.3006406000000000E-002
4.0639670289219829E+001	1.2175963999999999E-002
4.0724846839915344E+001	1.1277610000000000E-002
4.0810024751816599E+001	1.0314030000000000E-002
4.0895204180865612E+001	9.2882940000000008E-003
4.0980385278205809E+001	8.2037619999999999E-003
4.1065568189203212E+001	7.0641020000000001E-003
4.1150753052589792E+001	5.8733259999999999E-003
4.1235939999478084E+001	4.6357300000000002E-003
4.1321129152549986E+001	3.3558860000000002E-003
4.1406320625374612E+001	2.0386879999999999E-003
4.1491514521590325E+001	6.8926139999999996E-004
4.1576710934031198E+001	-6.8706360000000001E-004
4.1661909944172194E+001	-2.0847499999999998E-003
4.1747111621683715E+001	-3.4980800000000002E-003
4.1832314552088413E+001	-4.9211799999999998E-003
4.1917514252771582E+001	-6.3480020000000002E-003
4.2002710352724662E+001	-7.7722779999999997E-003
4.2087902799555742E+001	-9.1877160000000003E-003
4.2173091553257052E+001	-1.0587998000000000E-002
4.2258276586679067E+001	-1.1966722000000001E-002
4.2343457885968306E+001	-1.3317486000000000E-002
4.2428635450716904E+001	-1.4633943999999999E-002
4.2513809294197621E+001	-1.5909718000000000E-002
4.2598979443688222E+001	-1.7138517999999998E-002
4.2684145940674050E+001	-1.8314113999999999E-002
4.2769308840801934E+001	-1.9430382000000000E-002
4.2854468213772641E+001	-2.0481420000000000E-002
4.2939624143361797E+001	-2.1461419999999998E-002
4.3024776727364241E+001	-2.2364780000000001E-002
4.3109926077667566E+001	-2.3186120000000001E-002
4.3195072319925046E+001	-2.3920339999999998E-002
4.3280215592952857E+001	-2.4562540000000001E-002
4.3365356048740750E+001	-2.5108080000000001E-002
4.3450493852296283E+001	-2.5552700000000001E-002
4.3535629180785598E+001	-2.5892499999999999E-002
4.3620762222822847E+001	-2.6123980000000002E-002
4.3705893178076039E+001	-2.6244000000000000E-002
4.3791022256575395E+001	-2.6249880000000000E-002
4.3876149677721408E+001	-2.6139380000000000E-002
4.3961275669508382E+001	-2.5910659999999999E-002
4.4046400467800574E+001	-2.5562439999999999E-002
4.4131524315468987E+001	-2.5093819999999999E-002
4.4216647460966534E+001	-2.4504580000000001E-002
4.4301770157346596E+001	-2.3794900000000001E-002
4.4386892660877777E+001	-2.2965559999999999E-002
4.4472015229973167E+001	-2.2018019999999999E-002
4.4557138123912445E+001	-2.0954159999999999E-002
4.4642261601364417E+001	-1.9776476000000001E-002
4.4727385919297980E+001	-1.8488022000000000E-002
4.4812511331274735E+001	-1.7092446000000001E-002
4.4897638086204360E+001	-1.5593928000000000E-002
4.4982766427047899E+001	-1.3997166000000000E-002
4.5067896589630521E+001	-1.2307551999999999E-002
4.5153028800639298E+001	-1.0530888000000000E-002
4.5238163275636211E+001	-8.6735939999999997E-003
4.5323300217731237E+001	-6.7425319999999999E-003
4.5408439816132798E+001	-4.7450039999999997E-003
4.5493582245274865E+001	-2.6888260000000001E-003
4.5578727663886646E+001	-5.8232780000000005E-004
4.5663876213175278E+001	1.5658180000000001E-003
4.5749028015520409E+001	3.7466420000000001E-003
4.5834183174019103E+001	5.9509560000000003E-003
4.5919341771602696E+001	8.1693579999999998E-003
4.6004499678429042E+001	1.0392378000000001E-002
4.6089651236884229E+001	1.2609850000000001E-002
4.6174796333782453E+001	1.4811516000000000E-002
4.6259934904398001E+001	1.6987068000000001E-002
4.6345066904113132E+001	1.9126206000000000E-002
4.6430192309131002E+001	2.1218540000000001E-002
4.6515311117324302E+001	2.3253880000000001E-002
4.6600423348704823E+001	2.5222000000000001E-002
4.6685529045180033E+001	2.7112700000000000E-002
4.6770628271430375E+001	2.8916000000000001E-002
4.6855721115073166E+001	3.0622000000000000E-002
4.6940807686402025E+001	3.2221159999999999E-002
4.7025888118439333E+001	3.3704159999999997E-002
4.7110962566782824E+001	3.5062000000000003E-002
4.7196031209573007E+001	3.6285980000000002E-002
4.7281094247412675E+001	3.7367800000000000E-002
4.7366151902956602E+001	3.8299580000000000E-002
4.7451204420348162E+001	3.9073780000000002E-002
4.7536252065324639E+001	3.9683360000000001E-002
4.7621295123910102E+001	4.0121959999999998E-002
4.7706333900975253E+001	4.0383879999999997E-002
4.7791368719623819E+001	4.0464159999999999E-002
4.7876399921025424E+001	4.0358520000000002E-002
4.7961427861465829E+001	4.0063380000000003E-002
4.8046452911152514E+001	3.9575819999999998E-002
4.8131475452941373E+001	3.8894020000000001E-002
4.8216495880725930E+001	3.8016660000000001E-002
4.8301514598100503E+001	3.6943579999999997E-002
4.8386532015903164E+001	3.5675340000000000E-002
4.8471548549639820E+001	3.4213599999999997E-002
4.8556564618540818E+001	3.2561079999999999E-002
4.8641580643022813E+001	3.0721660000000001E-002
4.8726597041571402E+001	2.8700259999999998E-002
4.8811614229305441E+001	2.6502520000000002E-002
4.8896632614295882E+001	2.4135380000000001E-002
4.8981652594472656E+001	2.1606580000000000E-002
4.9066674556307888E+001	1.8925002000000000E-002
4.9151698873695779E+001	1.6100520000000000E-002
4.9236725904183487E+001	1.3143818000000000E-002
4.9321755985723762E+001	1.0066702000000000E-002
4.9406789433896790E+001	6.8817979999999997E-003
4.9491826539094014E+001	3.6026999999999999E-003
4.9576867564367120E+001	2.4380659999999999E-004
4.9661912743723470E+001	-3.1798000000000000E-003
4.9746962279574674E+001	-6.6523779999999996E-003
4.9832016340046067E+001	-1.0157828000000001E-002
4.9917070640744448E+001	-1.3679556000000001E-002
5.0002114776094153E+001	-1.7201009999999999E-002
5.0087148174096342E+001	-2.0704759999999999E-002
5.0172170725577807E+001	-2.4173380000000001E-002
5.0257182356055488E+001	-2.7589260000000001E-002
5.0342183025305168E+001	-3.0934739999999999E-002
5.0427172728863987E+001	-3.4191960000000000E-002
5.0512151499598055E+001	-3.7343280000000000E-002
5.0597119408237624E+001	-4.0371680000000000E-002
5.0682076562944751E+001	-4.3259560000000002E-002
5.0767023111330062E+001	-4.5989679999999998E-002
5.0851959240064119E+001	-4.8545360000000003E-002
5.0936885174041748E+001	-5.0910480000000001E-002
5.1021801176934034E+001	-5.3069499999999999E-002
5.1106707551447144E+001	-5.5007300000000002E-002
5.1191604638678903E+001	-5.6709740000000002E-002
5.1276492817133750E+001	-5.8163140000000002E-002
5.1361372501931577E+001	-5.9355020000000001E-002
5.1446244143014077E+001	-6.0273140000000003E-002
5.1531108224961294E+001	-6.0906120000000001E-002
5.1615965266265306E+001	-6.1244100000000003E-002
5.1700815816049989E+001	-6.1278180000000002E-002
5.1785660451596286E+001	-6.1001000000000000E-002
5.1870499776487925E+001	-6.0406540000000002E-002
5.1955334418308901E+001	-5.9490319999999999E-002
5.2040165026248332E+001	-5.8249620000000002E-002
5.2124992267748453E+001	-5.6683100000000000E-002
5.2209816824970915E+001	-5.4790859999999997E-002
5.2294639394066500E+001	-5.2574860000000001E-002
5.2379460678204225E+001	-5.0039300000000002E-002
5.2464281383251425E+001	-4.7190019999999999E-002
5.2549102214451842E+001	-4.4034539999999997E-002
5.2633923871642139E+001	-4.0582979999999998E-002
5.2718747045010076E+001	-3.6847220000000000E-002
5.2803572412654177E+001	-3.2841280000000000E-002
5.2888400633656325E+001	-2.8581160000000001E-002
5.2973232340892558E+001	-2.4084780000000000E-002
5.3058068138968025E+001	-1.9371932000000001E-002
5.3142908599509504E+001	-1.4464062000000000E-002
5.3227754258131107E+001	-9.3843520000000003E-003
5.3312605609658462E+001	-4.1575639999999999E-003
5.3397463102672674E+001	1.1902378000000001E-003
5.3482327134934032E+001	6.6315139999999998E-003
5.3567198050077245E+001	1.2137636000000000E-002
5.3652076134458106E+001	1.7679167999999999E-002
5.3736957731333618E+001	2.3225599999999999E-002
5.3821825218487824E+001	2.8745480000000000E-002
5.3906676284613887E+001	3.4206599999999997E-002
5.3991510834117236E+001	3.9577820000000000E-002
5.4076328837503191E+001	4.4828079999999999E-002
5.4161130329275437E+001	4.9926920000000000E-002
5.4245915406849683E+001	5.4843879999999998E-002
5.4330684232477722E+001	5.9548860000000002E-002
5.4415437034256250E+001	6.4012579999999999E-002
5.4500174104962483E+001	6.8205619999999995E-002
5.4584895804966841E+001	7.2099159999999995E-002
5.4669602563561654E+001	7.5665300000000005E-002
5.4754294874779809E+001	7.8877320000000001E-002
5.4838973294620168E+001	8.1710379999999999E-002
5.4923638440356569E+001	8.4141380000000002E-002
5.5008290990344939E+001	8.6148400000000000E-002
5.5092931682542321E+001	8.7710999999999997E-002
5.5177561310679039E+001	8.8811260000000003E-002
5.5262180719552788E+001	8.9433139999999994E-002
5.5346790802850435E+001	8.9562199999999995E-002
5.5431392501845750E+001	8.9186600000000005E-002
5.5515986799999034E+001	8.8296979999999997E-002
5.5600574717603941E+001	8.6886480000000002E-002
5.5685157307328097E+001	8.4951520000000003E-002
5.5769735648231531E+001	8.2491960000000003E-002
5.5854310840637282E+001	7.9510739999999996E-002
5.5938884001812305E+001	7.6013899999999995E-002
5.6023456259354710E+001	7.2010279999999996E-002
5.6108028740014440E+001	6.7512459999999996E-002
5.6192602565932788E+001	6.2536880000000003E-002
5.6277178846599213E+001	5.7103420000000002E-002
5.6361758671320743E+001	5.1235419999999997E-002
5.6446343102617547E+001	4.4960119999999999E-002
5.6530933165880867E+001	3.8307340000000002E-002
5.6615529845077390E+001	3.1310459999999998E-002
5.6700134074419800E+001	2.4006199999999998E-002
5.6784746727842169E+001	1.6434451999999999E-002
5.6869368612424260E+001	8.6378879999999998E-003
5.6954000464177021E+001	6.6176159999999996E-004
5.7038642942137479E+001	-7.4472580000000000E-003
5.7123296620131065E+001	-1.5640663999999999E-002
5.7207961980639077E+001	-2.3868480000000001E-002
5.7292635749398265E+001	-3.2079299999999998E-002
5.7377292257080931E+001	-4.0220980000000003E-002
5.7461926367295042E+001	-4.8238139999999999E-002
5.7546538032524921E+001	-5.6078360000000001E-002
5.7631127305654374E+001	-6.3689540000000003E-002
5.7715694347462822E+001	-7.1021319999999999E-002
5.7800239427205803E+001	-7.8025380000000005E-002
5.7884762917219220E+001	-8.4655019999999997E-002
5.7969265291114368E+001	-9.0864760000000003E-002
5.8053747123011739E+001	-9.6612000000000003E-002
5.8138209084060932E+001	-1.0185558000000000E-001
5.8222651942856849E+001	-1.0655542000000000E-001
5.8307076568002728E+001	-1.1067378000000000E-001
5.8391483923959647E+001	-1.1417498000000000E-001
5.8475875064742745E+001	-1.1702606000000000E-001
5.8560251126817079E+001	-1.1919821999999999E-001
5.8644613324791010E+001	-1.2066692000000000E-001
5.8728962948431914E+001	-1.2141070000000000E-001
5.8813301356322121E+001	-1.2141256000000000E-001
5.8897629967196188E+001	-1.2065948000000000E-001
5.8981950253273617E+001	-1.1914224000000000E-001
5.9066263734793118E+001	-1.1685650000000000E-001
5.9150571969546910E+001	-1.1380248000000000E-001
5.9234876545427788E+001	-1.0998506000000000E-001
5.9319179078309951E+001	-1.0541518000000000E-001
5.9403481195747219E+001	-1.0010846000000000E-001
5.9487784519355422E+001	-9.4086100000000006E-002
5.9572090657896460E+001	-8.7374120000000000E-002
5.9656401200794690E+001	-8.0004759999999994E-002
5.9740717711349433E+001	-7.2014800000000004E-002
5.9825041712865257E+001	-6.3446459999999996E-002
5.9909374678594915E+001	-5.4346720000000001E-002
5.9993718020505831E+001	-4.4767759999999997E-002
6.0078073074056455E+001	-3.4765400000000002E-002
6.0162441089399508E+001	-2.4400700000000001E-002
6.0246823223378556E+001	-1.3738844000000000E-002
6.0331220523049645E+001	-2.8482540000000002E-003
6.0415633918382376E+001	8.1998239999999997E-003
6.0500064218423375E+001	1.9331457999999999E-002
6.0584512102447214E+001	3.0472019999999999E-002
6.0668978110916626E+001	4.1545640000000002E-002
6.0753442023372870E+001	5.2476519999999999E-002
6.0837878364351248E+001	6.3186060000000002E-002
6.0922287097337772E+001	7.3595620000000000E-002
6.1006668407443520E+001	8.3631919999999998E-002
6.1091022625461179E+001	9.3223500000000001E-002
6.1175350227878674E+001	1.0230130000000000E-001
6.1259651841005166E+001	1.1080008000000000E-001
6.1343928232127325E+001	1.1865924000000000E-001
6.1428180302679756E+001	1.2582260000000001E-001
6.1512409083517014E+001	1.3223842000000000E-001
6.1596615727573074E+001	1.3785916000000001E-001
6.1680801505562648E+001	1.4263986000000001E-001
6.1764967807488347E+001	1.4654000000000000E-001
6.1849116135515757E+001	1.4952389999999999E-001
6.1933248095070148E+001	1.5155990000000000E-001
6.2017365384187485E+001	1.5262113999999999E-001
6.2101469788123694E+001	1.5268712000000001E-001
6.2185563171281025E+001	1.5174351999999999E-001
6.2269647466476506E+001	1.4978295999999999E-001
6.2353724661045412E+001	1.4680472000000000E-001
6.2437796787867988E+001	1.4281460000000001E-001
6.2521865921840288E+001	1.3782527999999999E-001
6.2605934155067125E+001	1.3185640000000001E-001
6.2690003583292942E+001	1.2493470000000000E-001
6.2774076298443461E+001	1.1709396000000000E-001
6.2858154371476481E+001	1.0837537999999999E-001
6.2942239838988037E+001	9.8826700000000003E-002
6.3026334691347955E+001	8.8502960000000006E-002
6.3110440862352391E+001	7.7465060000000002E-002
6.3194560207120794E+001	6.5779699999999997E-002
6.3278694497956337E+001	5.3520239999999997E-002
6.3362845409359259E+001	4.0766259999999999E-002
6.3447014497762261E+001	2.7601359999999998E-002
6.3531203190050604E+001	1.4114092000000000E-002
6.3615412774772693E+001	3.9732320000000000E-004
6.3699644383610895E+001	-1.3453293999999999E-002
6.3783898982051646E+001	-2.7339639999999998E-002
6.3868177362625886E+001	-4.1161499999999997E-002
6.3952478826968225E+001	-5.4818420000000000E-002
6.4036765804094472E+001	-6.8210179999999995E-002
6.4121020884845805E+001	-8.1232819999999997E-002
6.4205244271577996E+001	-9.3788659999999996E-002
6.4289436353945504E+001	-1.0578500000000000E-001
6.4373597708449537E+001	-1.1713480000000000E-001
6.4457729089465857E+001	-1.2775496000000000E-001
6.4541831428706715E+001	-1.3756763999999999E-001
6.4625905832284786E+001	-1.4650041999999999E-001
6.4709953566988602E+001	-1.5448844000000000E-001
6.4793976048873176E+001	-1.6147346000000001E-001
6.4877974835059064E+001	-1.6740484000000000E-001
6.4961951612758781E+001	-1.7223685999999999E-001
6.5045908196983959E+001	-1.7592936000000001E-001
6.5129846525489228E+001	-1.7844844000000001E-001
6.5213768645718048E+001	-1.7976742000000001E-001
6.5297676702438224E+001	-1.7986566000000001E-001
6.5381572927948994E+001	-1.7872991999999999E-001
6.5465459631620533E+001	-1.7635496000000001E-001
6.5549339188282246E+001	-1.7274386000000000E-001
6.5633214030498991E+001	-1.6790872000000001E-001
6.5717086624478128E+001	-1.6186990000000001E-001
6.5800959447448022E+001	-1.5465648000000001E-001
6.5884834972763471E+001	-1.4630612000000001E-001
6.5968715662686918E+001	-1.3686603999999999E-001
6.6052603960540381E+001	-1.2639036000000001E-001
6.6136502266398878E+001	-1.1494200000000000E-001
6.6220412921625652E+001	-1.0259108000000000E-001
6.6304338195577458E+001	-8.9416079999999995E-002
6.6388280268985199E+001	-7.5502280000000005E-002
6.6472241210683165E+001	-6.0941599999999999E-002
6.6556222964100613E+001	-4.5832900000000003E-002
6.6640227332798460E+001	-3.0281079999999998E-002
6.6724255961537466E+001	-1.4394992000000001E-002
6.6808310325948369E+001	1.7118622000000000E-003
6.6892391717830563E+001	1.7923146000000001E-002
6.6976501226933095E+001	3.4120360000000002E-002
6.7060639733364695E+001	5.0183579999999998E-002
6.7144807653505779E+001	6.5992579999999995E-002
6.7228967458801407E+001	8.1428819999999999E-002
6.7313092013915082E+001	9.6368720000000005E-002
6.7397181670988289E+001	1.1069464000000000E-001
6.7481237003810548E+001	1.2429936000000000E-001
6.7565258802760866E+001	1.3708064000000000E-001
6.7649248067944072E+001	1.4894404000000000E-001
6.7733205996577482E+001	1.5980220000000001E-001
6.7817133981919255E+001	1.6957504000000001E-001
6.7901033600776074E+001	1.7819162000000000E-001
6.7984906595483324E+001	1.8558959999999999E-001
6.8068754861047850E+001	1.9171614000000001E-001
6.8152580433071492E+001	1.9652722000000000E-001
6.8236385475788637E+001	1.9998534000000001E-001
6.8320172277780173E+001	2.0206060000000001E-001
6.8403943240171955E+001	2.0273179999999999E-001
6.8487700861657743E+001	2.0198459999999999E-001
6.8571447725952439E+001	1.9981421999999999E-001
6.8655186490603072E+001	1.9622468000000001E-001
6.8738919875527017E+001	1.9122968000000001E-001
6.8822650638143656E+001	1.8485266000000000E-001
6.8906381556730977E+001	1.7712733999999999E-001
6.8990115414501460E+001	1.6809692000000001E-001
6.9073854982407980E+001	1.5781477999999999E-001
6.9157603001541062E+001	1.4634459999999999E-001
6.9241362168947632E+001	1.3375819999999999E-001
6.9325135117100729E+001	1.2013644000000000E-001
6.9408924397355818E+001	1.0556770000000000E-001
6.9492732465167492E+001	9.0149800000000002E-002
6.9576561660863049E+001	7.3987159999999996E-002
6.9660414184371405E+001	5.7191800000000001E-002
6.9744292079802776E+001	3.9882080000000000E-002
6.9828197220809386E+001	2.2182000000000000E-002
6.9912131290576994E+001	4.2191879999999996E-003
6.9996095771803880E+001	-1.3874310000000001E-002
7.0080091929139883E+001	-3.1964039999999999E-002
7.0164120791823578E+001	-4.9913979999999997E-002
7.0248183146966838E+001	-6.7588019999999999E-002
7.0332256240623849E+001	-8.4851060000000006E-002
7.0416292726498867E+001	-1.0156658000000000E-001
7.0500291564029311E+001	-1.1759688000000000E-001
7.0584253373818044E+001	-1.3281992000000001E-001
7.0668179022745690E+001	-1.4712038000000000E-001
7.0752069614508329E+001	-1.6039048000000000E-001
7.0835926478073461E+001	-1.7253198000000000E-001
7.0919751152280924E+001	-1.8345603999999999E-001
7.1003545381931730E+001	-1.9308304000000001E-001
7.1087311100654986E+001	-2.0134479999999999E-001
7.1171050410525169E+001	-2.0818300000000001E-001
7.1254765568119581E+001	-2.1355080000000001E-001
7.1338458968204861E+001	-2.1741079999999999E-001
7.1422133130512805E+001	-2.1973400000000001E-001
7.1505790694231038E+001	-2.2050040000000001E-001
7.1589434403023859E+001	-2.1969959999999999E-001
7.1673067081525730E+001	-2.1733000000000000E-001
7.1756691628647260E+001	-2.1340020000000001E-001
7.1840311020211729E+001	-2.0792820000000001E-001
7.1923928265668522E+001	-2.0094380000000001E-001
7.2007546390344231E+001	-1.9248636000000000E-001
7.2091168419136849E+001	-1.8260696000000001E-001
7.2174797357321822E+001	-1.7136698000000000E-001
7.2258436173533326E+001	-1.5883768000000001E-001
7.2342087780736847E+001	-1.4510144000000000E-001
7.2425755020175700E+001	-1.3024864000000000E-001
7.2509440639971729E+001	-1.1437892000000000E-001
7.2593147278274827E+001	-9.7600400000000004E-002
7.2676877446752059E+001	-8.0029600000000006E-002
7.2760633504453963E+001	-6.1790600000000001E-002
7.2844417636538111E+001	-4.3013780000000001E-002
7.2928231841822893E+001	-2.3835640000000002E-002
7.3012077911643061E+001	-4.3958879999999997E-003
7.3095957416399344E+001	1.5161446000000000E-002
7.3179871692431448E+001	3.4689260000000000E-002
7.3263821816920469E+001	5.4039440000000001E-002
7.3347808598916373E+001	7.3063379999999997E-002
7.3431815790599543E+001	9.1614760000000003E-002
7.3515787553525186E+001	1.0954618000000001E-001
7.3599719802509298E+001	1.2670729999999999E-001
7.3683613245529813E+001	1.4296539999999999E-001
7.3767468857456478E+001	1.5819674000000000E-001
7.3851287868545171E+001	1.7228562000000000E-001
7.3935071753079583E+001	1.8512766000000000E-001
7.4018822209341877E+001	1.9662885999999999E-001
7.4102541150929738E+001	2.0670620000000001E-001
7.4186230693631600E+001	2.1528920000000001E-001
7.4269893131711299E+001	2.2231899999999999E-001
7.4353530919449867E+001	2.2774920000000001E-001
7.4437146654638099E+001	2.3154420000000001E-001
7.4520743061334528E+001	2.3367879999999999E-001
7.4604322982510553E+001	2.3413660000000000E-001
7.4687889356856914E+001	2.3291260000000000E-001
7.4771445215582801E+001	2.3001079999999999E-001
7.4854993679367851E+001	2.2544539999999999E-001
7.4938537920183563E+001	2.1924179999999999E-001
7.5022081134125045E+001	2.1143660000000000E-001
7.5105626529127989E+001	2.0207739999999999E-001
7.5189177305583698E+001	1.9122384000000001E-001
7.5272736634898507E+001	1.7894570000000001E-001
7.5356307640371654E+001	1.6532337999999999E-001
7.5439893378603884E+001	1.5044846000000001E-001
7.5523496824233391E+001	1.3442125999999999E-001
7.5607120846064618E+001	1.1735192000000000E-001
7.5690768188071630E+001	9.9358160000000001E-002
7.5774441452181492E+001	8.0567540000000007E-002
7.5858143072814428E+001	6.1114380000000003E-002
7.5941875293709046E+001	4.1139820000000001E-002
7.6025640153557944E+001	2.0790480000000000E-002
7.6109439468798598E+001	2.1627460000000001E-004
7.6193274816665834E+001	-2.0429520000000000E-002
7.6277147517121406E+001	-4.0990180000000001E-002
7.6361058614078161E+001	-6.1308160000000000E-002
7.6445008865379435E+001	-8.1226380000000001E-002
7.6528959663544583E+001	-1.0059042000000000E-001
7.6612869180232067E+001	-1.1924026000000000E-001
7.6696737951442387E+001	-1.3702258000000000E-001
7.6780566815594923E+001	-1.5380020000000000E-001
7.6864356890472578E+001	-1.6944493999999999E-001
7.6948109560099979E+001	-1.8383811999999999E-001
7.7031826461627702E+001	-1.9687340000000000E-001
7.7115509463397871E+001	-2.0845620000000001E-001
7.7199160653878494E+001	-2.1850380000000000E-001
7.7282782327376680E+001	-2.2694739999999999E-001
7.7366376959004270E+001	-2.3373099999999999E-001
7.7449947185181614E+001	-2.3881179999999999E-001
7.7533495787805364E+001	-2.4215900000000001E-001
7.7617025665118405E+001	-2.4375220000000000E-001
7.7700539820464300E+001	-2.4358160000000001E-001
7.7784041367528289E+001	-2.4164780000000000E-001
7.7867533515734621E+001	-2.3796160000000000E-001
7.7951019550109066E+001	-2.3254420000000001E-001
7.8034502787650268E+001	-2.2542940000000000E-001
7.8117986566685119E+001	-2.1666140000000000E-001
7.8201474228456334E+001	-2.0629660000000000E-001
7.8284969095755898E+001	-1.9440312000000001E-001
7.8368474451198864E+001	-1.8105968000000000E-001
7.8451993517252689E+001	-1.6635543999999999E-001
7.8535529437848879E+001	-1.5039100000000000E-001
7.8619085261884905E+001	-1.3327597999999999E-001
7.8702663918183489E+001	-1.1512952000000000E-001
7.8786268195887104E+001	-9.6078659999999996E-002
7.8869900726285394E+001	-7.6260240000000007E-002
7.8953563955784233E+001	-5.5817640000000002E-002
7.9037260124529155E+001	-3.4900420000000001E-002
7.9120991254168885E+001	-1.3663162000000000E-002
7.9204759124693325E+001	7.7366659999999997E-003
7.9288565257360517E+001	2.9138239999999999E-002
7.9372410899825681E+001	5.0377739999999997E-002
7.9456297006956348E+001	7.1291240000000006E-002
7.9540221930740927E+001	9.1716380000000000E-002
7.9624128975418628E+001	1.1149310000000000E-001
7.9707993910394165E+001	1.3045351999999999E-001
7.9791817436945593E+001	1.4844531999999999E-001
7.9875600550874694E+001	1.6532952000000001E-001
7.9959344533251596E+001	1.8097732000000000E-001
8.0043050934793555E+001	1.9527056000000001E-001
8.0126721561220393E+001	2.0810460000000000E-001
8.0210358449622035E+001	2.1938700000000000E-001
8.0293963859809452E+001	2.2903879999999999E-001
8.0377540258730107E+001	2.3699539999999999E-001
8.0461090286619438E+001	2.4320559999999999E-001
8.0544616736700974E+001	2.4763240000000000E-001
8.0628122528858270E+001	2.5025100000000000E-001
8.0711610699125885E+001	2.5104739999999998E-001
8.0795084406580315E+001	2.5001839999999997E-001
8.0878546911624937E+001	2.4717140000000001E-001
8.0962001565297015E+001	2.4252420000000000E-001
8.1045451765194059E+001	2.3610660000000000E-001
8.1128900935111659E+001	2.2796020000000000E-001
8.1212352512354428E+001	2.1813820000000000E-001
8.1295809926033158E+001	2.0670520000000001E-001
8.1379276574150026E+001	1.9373856000000000E-001
8.1462755800913357E+001	1.7932561999999999E-001
8.1546250876812962E+001	1.6356403999999999E-001
8.1629764982036491E+001	1.4656346000000001E-001
8.1713301186394119E+001	1.2844233999999999E-001
8.1796862424895082E+001	1.0932770000000000E-001
8.1880451478083984E+001	8.9356179999999993E-002
8.1964070951828674E+001	6.8672239999999996E-002
8.2047723249954643E+001	4.7427160000000003E-002
8.2131410558654721E+001	2.5777419999999999E-002
8.2215134827088477E+001	3.8842780000000001E-003
8.2298897744818603E+001	-1.8089344000000000E-002
8.2382700729785014E+001	-3.9976320000000003E-002
8.2466544909798614E+001	-6.1607919999999997E-002
8.2550431105885124E+001	-8.2816180000000003E-002
8.2634332694237969E+001	-1.0343600000000000E-001
8.2718192973782422E+001	-1.2329838000000000E-001
8.2802010695237414E+001	-1.4223572000000001E-001
8.2885786735644274E+001	-1.6010079999999999E-001
8.2969522269097254E+001	-1.7675589999999999E-001
8.3053218755495152E+001	-1.9207442000000000E-001
8.3136877923529013E+001	-2.0594240000000000E-001
8.3220501752471904E+001	-2.1825900000000001E-001
8.3304092451562596E+001	-2.2893759999999999E-001
8.3387652453468220E+001	-2.3790480000000000E-001
8.3471184381008442E+001	-2.4510260000000000E-001
8.3554691022478153E+001	-2.5048720000000002E-001
8.3638175308015022E+001	-2.5402859999999999E-001
8.3721640285485051E+001	-2.5570920000000003E-001
8.3805089130348534E+001	-2.5552160000000002E-001
8.3888525128683852E+001	-2.5346980000000002E-001
8.3971951666088330E+001	-2.4956919999999999E-001
8.4055372193299078E+001	-2.4384500000000001E-001
8.4138790192860228E+001	-2.3633540000000000E-001
8.4222209167883349E+001	-2.2708999999999999E-001
8.4305632622309929E+001	-2.1617080000000000E-001
8.4389064037316317E+001	-2.0365179999999999E-001
8.4472506849117892E+001	-1.8961770000000000E-001
8.4555964427115214E+001	-1.7416434000000000E-001
8.4639440054293232E+001	-1.5739829999999999E-001
8.4722936911667617E+001	-1.3943691999999999E-001
8.4806458053139778E+001	-1.2040686000000000E-001
8.4890006383243758E+001	-1.0044230000000000E-001
8.4973584637409516E+001	-7.9688300000000004E-002
8.5057195358119870E+001	-5.8295739999999999E-002
8.5140840872561526E+001	-3.6422219999999998E-002
8.5224523275366067E+001	-1.4229910000000000E-002
8.5308244404524189E+001	8.1155659999999994E-003
8.5392005826951788E+001	3.0446339999999999E-002
8.5475808823504678E+001	5.2590840000000000E-002
8.5559654369022425E+001	7.4377540000000006E-002
8.5643541114833923E+001	9.5636479999999996E-002
8.5727411030148829E+001	1.1620086000000000E-001
8.5811237591247021E+001	1.3589464000000001E-001
8.5895021552769691E+001	1.5455882000000001E-001
8.5978763976867967E+001	1.7204864000000000E-001
8.6062466222205600E+001	1.8823039999999999E-001
8.6146129928403397E+001	2.0298179999999999E-001
8.6229757000407275E+001	2.1619479999999999E-001
8.6313349588703616E+001	2.2777500000000001E-001
8.6396910068124967E+001	2.3764179999999999E-001
8.6480441018803305E+001	2.4573020000000001E-001
8.6563945201878354E+001	2.5198920000000002E-001
8.6647425530372089E+001	2.5638359999999999E-001
8.6730885045929384E+001	2.5889119999999999E-001
8.6814326921164223E+001	2.5950079999999998E-001
8.6897754445516199E+001	2.5821280000000002E-001
8.6981171012411195E+001	2.5503900000000002E-001
8.7064580099012872E+001	2.5000119999999998E-001
8.7147985221559566E+001	2.4313360000000001E-001
8.7231389922165846E+001	2.3448300000000000E-001
8.7314797753155162E+001	2.2410720000000001E-001
8.7398212253733405E+001	2.1207699999999999E-001
8.7481636926566253E+001	1.9847474000000001E-001
8.7565075214373437E+001	1.8339337999999999E-001
8.7648530479892372E+001	1.6693640000000001E-001
8.7732005987414411E+001	1.4921954000000001E-001
8.7815504883943191E+001	1.3036726000000001E-001
8.7899030172867796E+001	1.1051322000000000E-001
8.7982584693022474E+001	8.9800019999999994E-002
8.8066171099116360E+001	6.8378720000000004E-002
8.8149791836138434E+001	4.6406639999999999E-002
8.8233449121041829E+001	2.4046300000000000E-002
8.8317144919350241E+001	1.4646964000000001E-003
8.8400880927651016E+001	-2.1169500000000001E-002
8.8484658560057284E+001	-4.3683699999999999E-002
8.8568478929433894E+001	-6.5903799999999998E-002
8.8652342831174280E+001	-8.7656760000000000E-002
8.8736216229148795E+001	-1.0877274000000001E-001
8.8820046255041504E+001	-1.2907647999999999E-001
8.8903832948987457E+001	-1.4839724000000001E-001
8.8987577263036385E+001	-1.6658497999999999E-001
8.9071280453336584E+001	-1.8349944000000001E-001
8.9154944068463678E+001	-1.9901214000000000E-001
8.9238569930498088E+001	-2.1300800000000000E-001
8.9322160119836724E+001	-2.2538600000000000E-001
8.9405716951447900E+001	-2.3605940000000000E-001
8.9489242955779403E+001	-2.4495620000000001E-001
8.9572740856767012E+001	-2.5201960000000001E-001
8.9656213544354074E+001	-2.5720840000000000E-001
8.9739664042886432E+001	-2.6049559999999999E-001
8.9823095508773051E+001	-2.6186660000000000E-001
8.9906511221799448E+001	-2.6131799999999999E-001
8.9989914569794564E+001	-2.5885740000000002E-001
9.0073309038939399E+001	-2.5450400000000001E-001
9.0156698166889271E+001	-2.4828780000000000E-001
9.0240085521841763E+001	-2.4025140000000000E-001
9.0323474689045042E+001	-2.3044940000000000E-001
9.0406869249121158E+001	-2.1894859999999999E-001
9.0490272754450686E+001	-2.0582819999999999E-001
9.0573688705325154E+001	-1.9117770000000001E-001
9.0657120528702421E+001	-1.7509810000000001E-001
9.0740571557938168E+001	-1.5770144000000000E-001
9.0824045016934818E+001	-1.3911024000000000E-001
9.0907543994279848E+001	-1.1945646000000000E-001
9.0991071420591965E+001	-9.8879759999999997E-002
9.1074630048524867E+001	-7.7530459999999995E-002
9.1158222429467529E+001	-5.5564440000000000E-002
9.1241850891942704E+001	-3.3144040000000000E-002
9.1325517518735595E+001	-1.0436044000000000E-002
9.1409224127552292E+001	1.2389736000000000E-002
9.1492972256483569E+001	3.5161180000000000E-002
9.1576763147653381E+001	5.7702700000000003E-002
9.1660597727615567E+001	7.9839259999999995E-002
9.1744470035724419E+001	1.0139794000000001E-001
9.1828314870255511E+001	1.2220778000000000E-001
9.1912115858732363E+001	1.4208898000000000E-001
9.1995873838754150E+001	1.6088342000000000E-001
9.2079589959154248E+001	1.7844530000000000E-001
9.2163265668600403E+001	1.9464071999999999E-001
9.2246902699308606E+001	2.0934780000000000E-001
9.2330503055155120E+001	2.2245960000000001E-001
9.2414068977997488E+001	2.3388280000000000E-001
9.2497602932387039E+001	2.4353939999999999E-001
9.2581107589459904E+001	2.5136639999999999E-001
9.2664585798390803E+001	2.5731619999999999E-001
9.2748040551001068E+001	2.6135680000000000E-001
9.2831474978560607E+001	2.6346940000000002E-001
9.2914892339283526E+001	2.6364680000000001E-001
9.2998296003446129E+001	2.6189259999999998E-001
9.3081689446593828E+001	2.5822279999999997E-001
9.3165076213166643E+001	2.5266339999999998E-001
9.3248459882382690E+001	2.4525300000000000E-001
9.3331844056154523E+001	2.3604259999999999E-001
9.3415232341168903E+001	2.2509540000000000E-001
9.3498628324235753E+001	2.1248619999999999E-001
9.3582035548741104E+001	1.9830246000000001E-001
9.3665457491366027E+001	1.8264166000000001E-001
9.3748897541864650E+001	1.6561202000000000E-001
9.3832358985177876E+001	1.4733412000000001E-001
9.3915844980469288E+001	1.2793715999999999E-001
9.3999358535176398E+001	1.0755918000000000E-001
9.4082902484225770E+001	8.6347779999999999E-002
9.4166479469631099E+001	6.4458020000000005E-002
9.4250091916840290E+001	4.2051340000000000E-002
9.4333742011846439E+001	1.9293953999999999E-002
9.4417431680898090E+001	-3.6439060000000001E-003
9.4501162573935957E+001	-2.6590280000000001E-002
9.4584936050263508E+001	-4.9369320000000001E-002
9.4668753158771892E+001	-7.1804480000000004E-002
9.4752614129642382E+001	-9.3720639999999994E-002
9.4836466226295471E+001	-1.1494618000000000E-001
9.4920274042103841E+001	-1.3530017999999999E-001
9.5004038302706505E+001	-1.5461596000000000E-001
9.5087760052154792E+001	-1.7274349999999999E-001
9.5171440639829569E+001	-1.8954356000000000E-001
9.5255081707271543E+001	-2.0488899999999999E-001
9.5338685171778266E+001	-2.1866659999999999E-001
9.5422253206735917E+001	-2.3077780000000001E-001
9.5505788211466196E+001	-2.4113899999999999E-001
9.5589292800486689E+001	-2.4968099999999999E-001
9.5672769778779227E+001	-2.5635079999999999E-001
9.5756222106798191E+001	-2.6111079999999998E-001
9.5839652881976662E+001	-2.6393820000000001E-001
9.5923065335596064E+001	-2.6482180000000000E-001
9.6006462816017816E+001	-2.6376159999999998E-001
9.6089848779296730E+001	-2.6076980000000000E-001
9.6173226769491890E+001	-2.5586900000000001E-001
9.6256600371616329E+001	-2.4909339999999999E-001
9.6339973198799242E+001	-2.4049039999999999E-001
9.6423348875780022E+001	-2.3011880000000001E-001
9.6506731015701817E+001	-2.1805020000000000E-001
9.6590123196418190E+001	-2.0436779999999999E-001
9.6673528936778155E+001	-1.8916595999999999E-001
9.6756951675175060E+001	-1.7254965999999999E-001
9.6840394750034790E+001	-1.5463582000000001E-001
9.6923861382921629E+001	-1.3555096000000000E-001
9.7007354651396170E+001	-1.1543116000000000E-001
9.7090877467226576E+001	-9.4420459999999998E-002
9.7174432556508037E+001	-7.2672860000000006E-002
9.7258022436386625E+001	-5.0347839999999998E-002
9.7341649391882299E+001	-2.7610740000000002E-002
9.7425315453498243E+001	-4.6312860000000001E-003
9.7509022379815079E+001	1.8418489999999999E-002
9.7592771642973872E+001	4.1363680000000000E-002
9.7676564410643934E+001	6.4026739999999999E-002
9.7760401527635025E+001	8.6231180000000004E-002
9.7844265042307455E+001	1.0780354000000000E-001
9.7928089770177124E+001	1.2856886000000001E-001
9.8011870548999426E+001	1.4834842000000001E-001
9.8095608313602071E+001	1.6698753999999999E-001
9.8179304309229565E+001	1.8434194000000001E-001
9.8262960080414544E+001	2.0027960000000000E-001
9.8346577456255162E+001	2.1468180000000001E-001
9.8430158529725389E+001	2.2744439999999999E-001
9.8513705625429182E+001	2.3847760000000001E-001
9.8597221290729124E+001	2.4770700000000001E-001
9.8680708274355069E+001	2.5507360000000001E-001
9.8764169492123031E+001	2.6053419999999999E-001
9.8847608001150164E+001	2.6406120000000000E-001
9.8931026999279098E+001	2.6563940000000003E-001
9.9014429805026566E+001	2.6526499999999997E-001
9.9097819846310244E+001	2.6294620000000002E-001
9.9181200652257075E+001	2.5870219999999999E-001
9.9264575804920014E+001	2.5256339999999999E-001
9.9347948918253991E+001	2.4457280000000001E-001
9.9431323624116246E+001	2.3478560000000001E-001
9.9514703552058876E+001	2.2326940000000001E-001
9.9598092304206801E+001	2.1010380000000001E-001
9.9681493431685041E+001	1.9537963999999999E-001
9.9764910412097748E+001	1.7919905999999999E-001
9.9848346629054220E+001	1.6167464000000001E-001
9.9931805355595102E+001	1.4293075999999999E-001
1.0001528972963898E+002	1.2310072000000000E-001
1.0009880272978683E+002	1.0232594000000000E-001
1.0018234715489490E+002	8.0758159999999996E-002
1.0026592560268806E+002	5.8555240000000001E-002
1.0034954044658862E+002	3.5881560000000000E-002
1.0043319381132071E+002	1.2905781999999999E-002
1.0051688755533408E+002	-1.0200074000000000E-002
1.0060062325453086E+002	-3.3261859999999997E-002
1.0068440218686757E+002	-5.6101940000000003E-002
1.0076822531249476E+002	-7.8542879999999995E-002
1.0085208655679411E+002	-1.0040920000000000E-001
1.0093591995815764E+002	-1.2152752000000000E-001
1.0101970905666337E+002	-1.4171497999999999E-001
1.0110345467940306E+002	-1.6081100000000001E-001
1.0118715796987166E+002	-1.7866724000000000E-001
1.0127082037564989E+002	-1.9514735999999999E-001
1.0135444363273594E+002	-2.1012719999999999E-001
1.0143802975275304E+002	-2.2349740000000001E-001
1.0152158099096840E+002	-2.3516300000000001E-001
1.0160509982734793E+002	-2.4504460000000000E-001
1.0168858895215354E+002	-2.5307740000000001E-001
1.0177205123797086E+002	-2.5921280000000002E-001
1.0185548970235025E+002	-2.6341819999999999E-001
1.0193890750385629E+002	-2.6567459999999998E-001
1.0202230792891733E+002	-2.6597460000000001E-001
1.0210569437673563E+002	-2.6432240000000001E-001
1.0218907035343757E+002	-2.6073320000000000E-001
1.0227243943653052E+002	-2.5523439999999997E-001
1.0235580523875979E+002	-2.4786400000000000E-001
1.0243917139666844E+002	-2.3867360000000001E-001
1.0252254155160782E+002	-2.2772680000000001E-001
1.0260591932564583E+002	-2.1509880000000001E-001
1.0268930829793527E+002	-2.0087740000000001E-001
1.0277271198119870E+002	-1.8516094000000000E-001
1.0285613380081162E+002	-1.6805803999999999E-001
1.0293957707645721E+002	-1.4969015999999999E-001
1.0302304500244145E+002	-1.3018726000000000E-001
1.0310654062104962E+002	-1.0968854000000000E-001
1.0319006680130326E+002	-8.8342240000000002E-002
1.0327362621917635E+002	-6.6304820000000000E-002
1.0335722133382605E+002	-4.3738619999999999E-002
1.0344085436328632E+002	-2.0811079999999999E-002
1.0352452726432375E+002	2.3061179999999998E-003
1.0360824171590774E+002	2.5439739999999999E-002
1.0369199910437840E+002	4.8412820000000002E-002
1.0377580050378141E+002	7.1047280000000004E-002
1.0385964666093028E+002	9.3166299999999994E-002
1.0394349819054055E+002	1.1459701999999999E-001
1.0402730534640256E+002	1.3515969999999999E-001
1.0411106868126330E+002	1.5468203999999999E-001
1.0419478923187755E+002	1.7301246000000001E-001
1.0427846834294581E+002	1.9000984000000001E-001
1.0436210765563504E+002	2.0554539999999999E-001
1.0444570909279139E+002	2.1950439999999999E-001
1.0452927482976213E+002	2.3178679999999999E-001
1.0461280727087896E+002	2.4230740000000001E-001
1.0469630903911703E+002	2.5099640000000001E-001
1.0477978295071112E+002	2.5779900000000000E-001
1.0486323197645969E+002	2.6267760000000001E-001
1.0494665923117348E+002	2.6560879999999998E-001
1.0503006796400805E+002	2.6658080000000001E-001
1.0511346154033500E+002	2.6559440000000001E-001
1.0519684343375083E+002	2.6266099999999998E-001
1.0528021720757803E+002	2.5780399999999998E-001
1.0536358646678846E+002	2.5105780000000000E-001
1.0544695484458370E+002	2.4246960000000001E-001
1.0553032598631948E+002	2.3209879999999999E-001
1.0561370352694119E+002	2.2001720000000000E-001
1.0569709106627701E+002	2.0630879999999999E-001
1.0578049214529049E+002	1.9106825999999999E-001
1.0586391022475721E+002	1.7440106000000000E-001
1.0594734866481102E+002	1.5642455999999999E-001
1.0603081070854542E+002	1.3726614000000001E-001
1.0611429945479979E+002	1.1706272000000000E-001
1.0619781783572726E+002	9.5958979999999999E-002
1.0628136859696708E+002	7.4109739999999993E-002
1.0636495427498831E+002	5.1675400000000003E-002
1.0644857717341331E+002	2.8822339999999998E-002
1.0653223934023032E+002	5.7211639999999999E-003
1.0661594255082370E+002	-1.7455154000000001E-002
1.0669968829280037E+002	-4.0530719999999999E-002
1.0678347774869400E+002	-6.3327060000000004E-002
1.0686731177747470E+002	-8.5666699999999998E-002
1.0695116903578651E+002	-1.0737482000000000E-001
1.0703498569129091E+002	-1.2827469999999999E-001
1.0711875818812921E+002	-1.4818680000000001E-001
1.0720248745786928E+002	-1.6695578000000000E-001
1.0728617474484685E+002	-1.8443622000000001E-001
1.0736982159466770E+002	-2.0049520000000001E-001
1.0745342983693932E+002	-2.1501300000000001E-001
1.0753700157112486E+002	-2.2788420000000001E-001
1.0762053913030338E+002	-2.3901880000000000E-001
1.0770404507045215E+002	-2.4834160000000000E-001
1.0778752215035323E+002	-2.5579320000000000E-001
1.0787097329985588E+002	-2.6132980000000000E-001
1.0795440158831984E+002	-2.6492379999999999E-001
1.0803781022539198E+002	-2.6655980000000001E-001
1.0812120254272378E+002	-2.6623419999999998E-001
1.0820458198161366E+002	-2.6395520000000000E-001
1.0828795208566315E+002	-2.5974219999999998E-001
1.0837131645317841E+002	-2.5362580000000001E-001
1.0845467871416446E+002	-2.4564880000000000E-001
1.0853804251692938E+002	-2.3586660000000001E-001
1.0862141150698727E+002	-2.2434699999999999E-001
1.0870478930274504E+002	-2.1117000000000000E-001
1.0878817947184875E+002	-1.9642635999999999E-001
1.0887158550834405E+002	-1.8021857999999999E-001
1.0895501081190997E+002	-1.6265936000000000E-001
1.0903845867140733E+002	-1.4387359999999999E-001
1.0912193224076501E+002	-1.2399482000000001E-001
1.0920543451460780E+002	-1.0316488000000000E-001
1.0928896830741780E+002	-8.1535919999999998E-002
1.0937253623281086E+002	-5.9266260000000001E-002
1.0945614067957489E+002	-3.6520700000000003E-002
1.0953978378749919E+002	-1.3468340000000001E-002
1.0962346742898676E+002	9.7179680000000004E-003
1.0970719319339184E+002	3.2863780000000002E-002
1.0979096237107591E+002	5.5790840000000001E-002
1.0987477593329477E+002	7.8321059999999998E-002
1.0995863150633359E+002	1.0027820000000000E-001
1.1004246701201654E+002	1.2148928000000001E-001
1.1012625811903966E+002	1.4177116000000001E-001
1.1021000564927972E+002	1.6096047999999999E-001
1.1029371074225834E+002	1.7890813999999999E-001
1.1037737484262642E+002	1.9547697999999999E-001
1.1046099968730957E+002	2.1054200000000001E-001
1.1054458728873627E+002	2.2399320000000000E-001
1.1062813990119693E+002	2.3573520000000001E-001
1.1071166000607161E+002	2.4568740000000000E-001
1.1079515029670027E+002	2.5378479999999998E-001
1.1087861364915811E+002	2.5997799999999999E-001
1.1096205308479864E+002	2.6423459999999999E-001
1.1104547177006779E+002	2.6653480000000002E-001
1.1112887299846824E+002	2.6687139999999998E-001
1.1121226017596709E+002	2.6524860000000000E-001
1.1129563681556928E+002	2.6168180000000002E-001
1.1137900650301752E+002	2.5619819999999999E-001
1.1146237285939286E+002	2.4883620000000001E-001
1.1154573952918099E+002	2.3964740000000001E-001
1.1162911016253132E+002	2.2869560000000000E-001
1.1171248839075380E+002	2.1605620000000000E-001
1.1179587780227257E+002	2.0181740000000001E-001
1.1187928191897292E+002	1.8607757999999999E-001
1.1196270417573757E+002	1.6894586000000000E-001
1.1204614790124369E+002	1.5054393999999999E-001
1.1212961629885733E+002	1.3100212000000000E-001
1.1221311241957619E+002	1.1046018000000001E-001
1.1229663914052541E+002	8.9066660000000006E-002
1.1238019914530551E+002	6.6978419999999997E-002
1.1246379490047558E+002	4.4358359999999999E-002
1.1254742863115575E+002	2.1374420000000002E-002
1.1263110230093021E+002	-1.8013078000000001E-003
1.1271481759491348E+002	-2.4995079999999999E-002
1.1279857590517003E+002	-4.8029479999999999E-002
1.1288237831156565E+002	-7.0725899999999994E-002
1.1296622554796743E+002	-9.2907139999999999E-002
1.1305007109526390E+002	-1.1439953999999999E-001
1.1313387199937600E+002	-1.3502133999999999E-001
1.1321762897429315E+002	-1.5460148000000001E-001
1.1330134305679907E+002	-1.7298791999999999E-001
1.1338501559266898E+002	-1.9003903999999999E-001
1.1346864822428257E+002	-2.0562580000000000E-001
1.1355224287470872E+002	-2.1963279999999999E-001
1.1363580172580318E+002	-2.3195979999999999E-001
1.1371932718740992E+002	-2.4252160000000000E-001
1.1380282188801185E+002	-2.5124760000000002E-001
1.1388628865023097E+002	-2.5808360000000002E-001
1.1396973045448819E+002	-2.6299139999999999E-001
1.1405315042063943E+002	-2.6594780000000001E-001
1.1413655180386392E+002	-2.6694119999999999E-001
1.1421993797645021E+002	-2.6597199999999999E-001
1.1430331241870275E+002	-2.6305220000000001E-001
1.1438667870206507E+002	-2.5820500000000002E-001
1.1447004044004026E+002	-2.5146479999999999E-001
1.1455340127432946E+002	-2.4287900000000001E-001
1.1463676485870904E+002	-2.3250720000000000E-001
1.1472013483604752E+002	-2.2042080000000000E-001
1.1480351481427284E+002	-2.0670440000000001E-001
1.1488690834263184E+002	-1.9145222000000001E-001
1.1497031888983690E+002	-1.7477023999999999E-001
1.1505374982382281E+002	-1.5677575999999999E-001
1.1513720439547409E+002	-1.3759636000000000E-001
1.1522068571147213E+002	-1.1736908000000000E-001
1.1530419671199193E+002	-9.6238720000000000E-002
1.1538774015055843E+002	-7.4360380000000004E-002
1.1547131857171118E+002	-5.1894540000000003E-002
1.1555493428677025E+002	-2.9007780000000000E-002
1.1563858935133663E+002	-5.8708459999999999E-003
1.1572228554772100E+002	1.7342804000000000E-002
1.1580602437018490E+002	4.0457279999999998E-002
1.1588980700711619E+002	6.3293740000000001E-002
1.1597363432232332E+002	8.5674379999999994E-002
1.1605749131976539E+002	1.0742417999999999E-001
1.1614131125855612E+002	1.2836754000000000E-001
1.1622508700646226E+002	1.4832358000000001E-001
1.1630881949262820E+002	1.6713570000000000E-001
1.1639250995939328E+002	1.8465809999999999E-001
1.1647615995100944E+002	2.0075760000000001E-001
1.1655977129945643E+002	2.1531359999999999E-001
1.1664334610252676E+002	2.2822120000000001E-001
1.1672688669206265E+002	2.3938940000000000E-001
1.1681039562425089E+002	2.4874279999999999E-001
1.1689387565902605E+002	2.5622180000000000E-001
1.1697732972589172E+002	2.6178220000000002E-001
1.1706076089632973E+002	2.6539639999999998E-001
1.1714417238384320E+002	2.6704879999999998E-001
1.1722756752296132E+002	2.6673599999999997E-001
1.1731094975764439E+002	2.6446599999999998E-001
1.1739432263434028E+002	2.6025840000000000E-001
1.1747768975463704E+002	2.5414360000000003E-001
1.1756105475173959E+002	2.4616479999999999E-001
1.1764442127678615E+002	2.3637759999999999E-001
1.1772779297908065E+002	2.2484979999999999E-001
1.1781117348080934E+002	2.1166140000000000E-001
1.1789456635332002E+002	1.9690363999999999E-001
1.1797797509430684E+002	1.8067910000000001E-001
1.1806140310732212E+002	1.6310066000000001E-001
1.1814485368471804E+002	1.4429346000000001E-001
1.1822832998389052E+002	1.2439132000000000E-001
1.1831183500247799E+002	1.0353635999999999E-001
1.1839537155758866E+002	8.1880939999999999E-002
1.1847894226498886E+002	5.9583680000000000E-002
1.1856254951563757E+002	3.6809700000000001E-002
1.1864619545103697E+002	1.3728412000000001E-002
1.1872988194546402E+002	-9.4872180000000004E-003
1.1881361058950455E+002	-3.2662320000000002E-002
1.1889738267477614E+002	-5.5618460000000002E-002
1.1898119917410655E+002	-7.8177319999999995E-002
1.1906505517130627E+002	-1.0016234000000000E-001
1.1914888526311644E+002	-1.2139960000000000E-001
1.1923267089406394E+002	-1.4170516000000000E-001
1.1931641288719428E+002	-1.6091691999999999E-001
1.1940011238393092E+002	-1.7888560000000001E-001
1.1948377083133967E+002	-1.9547387999999999E-001
1.1956738996697985E+002	-2.1055660000000001E-001
1.1965097180568402E+002	-2.2402380000000000E-001
1.1973451860765742E+002	-2.3577960000000001E-001
1.1981803285866619E+002	-2.4574399999999999E-001
1.1990151725627754E+002	-2.5385160000000001E-001
1.1998497468209565E+002	-2.6005339999999999E-001
1.2006840816378394E+002	-2.6431680000000002E-001
1.2015182087015340E+002	-2.6662219999999998E-001
1.2023521609850992E+002	-2.6696239999999999E-001
1.2031859725907410E+002	-2.6534180000000002E-001
1.2040196786897641E+002	-2.6177580000000000E-001
1.2048533151902853E+002	-2.5629160000000001E-001
1.2056869183516203E+002	-2.4892780000000000E-001
1.2065205246698318E+002	-2.3973580000000000E-001
1.2073541706913164E+002	-2.2877960000000000E-001
1.2081878927714864E+002	-2.1613460000000001E-001
1.2090217268374259E+002	-2.0188919999999999E-001
1.2098557081517416E+002	-1.8614149999999999E-001
1.2106898711021636E+002	-1.6900082000000000E-001
1.2115242490149406E+002	-1.5058888000000001E-001
1.2123588739627822E+002	-1.3103606000000001E-001
1.2131937764953588E+002	-1.1048214000000001E-001
1.2140289854253197E+002	-8.9075699999999994E-002
1.2148645276306651E+002	-6.6973779999999997E-002
1.2157004278186152E+002	-4.4339219999999999E-002
1.2165367082805918E+002	-2.1339980000000001E-002
1.2173733886891284E+002	1.8516889999999999E-003
1.2182104859307681E+002	2.5061900000000002E-002
1.2190480139577932E+002	4.8113259999999998E-002
1.2198859835928462E+002	7.0827020000000004E-002
1.2207244023756918E+002	9.3025739999999996E-002
1.2215628931959479E+002	1.1453588000000001E-001
1.2224009405884266E+002	1.3517741999999999E-001
1.2232385486930792E+002	1.5477685999999999E-001
1.2240757278663007E+002	1.7318198000000001E-001
1.2249124915550625E+002	1.9025097999999999E-001
1.2257488561837501E+002	2.0585460000000000E-001
1.2265848410040488E+002	2.1987719999999999E-001
1.2274204678059762E+002	2.3221860000000000E-001
1.2282557606761695E+002	2.4279319999999999E-001
1.2290907458956323E+002	2.5153039999999999E-001
1.2299254516889891E+002	2.5837579999999999E-001
1.2307599078373237E+002	2.6329100000000000E-001
1.2315941455588701E+002	2.6625260000000001E-001
1.2324281974215359E+002	2.6724940000000003E-001
1.2332620971569696E+002	2.6628140000000000E-001
1.2340958795762803E+002	2.6336080000000001E-001
1.2349295804012993E+002	2.5851059999999998E-001
1.2357632357746623E+002	2.5176579999999998E-001
1.2365968821188747E+002	2.4317359999999999E-001
1.2374305559772638E+002	2.3279340000000001E-001
1.2382642937908868E+002	2.2069759999999999E-001
1.2390981316496573E+002	2.0696999999999999E-001
1.2399321050547651E+002	1.9170545999999999E-001
1.2407662487038399E+002	1.7501011999999999E-001
1.2416005962857975E+002	1.5700138000000000E-001
1.2424351803170890E+002	1.3780696000000001E-001
1.2432700318703851E+002	1.1756414000000000E-001
1.2441051803483234E+002	9.6417939999999994E-002
1.2449406532842532E+002	7.4523539999999999E-002
1.2457764761173352E+002	5.2041680000000000E-002
1.2466126719555999E+002	2.9139160000000001E-002
1.2474492613457508E+002	5.9869540000000001E-003
1.2482862621032901E+002	-1.7241513999999999E-002
1.2491236891593539E+002	-4.0370000000000003E-002
1.2499615543888859E+002	-6.3219659999999997E-002
1.2507998664248527E+002	-8.5612499999999994E-002
1.2516384188849459E+002	-1.0737330000000000E-001
1.2524765680401605E+002	-1.2832508000000001E-001
1.2533142748908062E+002	-1.4828762000000001E-001
1.2541515487509868E+002	-1.6710512000000000E-001
1.2549884020705687E+002	-1.8463170000000001E-001
1.2558248503194048E+002	-2.0073420000000000E-001
1.2566609118150879E+002	-2.1529219999999999E-001
1.2574966075814361E+002	-2.2820019999999999E-001
1.2583319609847531E+002	-2.3936820000000000E-001
1.2591669976240449E+002	-2.4872020000000000E-001
1.2600017451324912E+002	-2.5619720000000001E-001
1.2608362328617058E+002	-2.6175480000000001E-001
1.2616704915587844E+002	-2.6536539999999997E-001
1.2625045533745131E+002	-2.6701399999999997E-001
1.2633384516817667E+002	-2.6669720000000002E-001
1.2641722209491118E+002	-2.6442260000000001E-001
1.2650058966706506E+002	-2.6021020000000000E-001
1.2658395148955294E+002	-2.5409060000000000E-001
1.2666731119869867E+002	-2.4610679999999999E-001
1.2675067244902398E+002	-2.3631440000000001E-001
1.2683403889228116E+002	-2.2478139999999999E-001
1.2691741415307885E+002	-2.1158759999999999E-001
1.2700080180519450E+002	-1.9682446000000001E-001
1.2708420534866021E+002	-1.8059433999999999E-001
1.2716762818898233E+002	-1.6301025999999999E-001
1.2725107362057243E+002	-1.4419734000000001E-001
1.2733454480281023E+002	-1.2428942000000000E-001
1.2741804473551242E+002	-1.0342856000000000E-001
1.2750157623801647E+002	-8.1767179999999995E-002
1.2758514192855026E+002	-5.9463900000000000E-002
1.2766874420024526E+002	-3.6683760000000003E-002
1.2775238519691077E+002	-1.3596148000000001E-002
1.2783606679455377E+002	9.6257860000000008E-003
1.2791979058567109E+002	3.2807320000000001E-002
1.2800355786330513E+002	5.5769920000000001E-002
1.2808736960095047E+002	7.8335240000000000E-002
1.2817122354395272E+002	1.0032670000000000E-001
1.2825505776044832E+002	1.2157108000000000E-001
1.2833884753132514E+002	1.4188493999999999E-001
1.2842259367910069E+002	1.6110456000000001E-001
1.2850629734448799E+002	1.7908057999999999E-001
1.2858995997377346E+002	1.9567561999999999E-001
1.2867358330604611E+002	2.1076439999999999E-001
1.2875716935629254E+002	2.2423699999999999E-001
1.2884072038182700E+002	2.3599740000000000E-001
1.2892423886725362E+002	2.4596519999999999E-001
1.2900772750945569E+002	2.5407540000000001E-001
1.2909118918846542E+002	2.6027840000000002E-001
1.2917462692973362E+002	2.6454179999999999E-001
1.2925804390373685E+002	2.6684600000000003E-001
1.2934144340815948E+002	2.6718380000000003E-001
1.2942482885314021E+002	2.6555920000000000E-001
1.2950820375574395E+002	2.6198820000000000E-001
1.2959157170631983E+002	2.5649780000000000E-001
1.2967493633041616E+002	2.4912680000000001E-001
1.2975830127682937E+002	2.3992659999999999E-001
1.2984167019992606E+002	2.2896120000000000E-001
1.2992504673518872E+002	2.1630640000000001E-001
1.3000843447509652E+002	2.0205039999999999E-001
1.3009183694545794E+002	1.8629180000000001E-001
1.3017525758491180E+002	1.6913984000000001E-001
1.3025869972565835E+002	1.5071640000000000E-001
1.3034216657442548E+002	1.3115205999999999E-001
1.3042566118535638E+002	1.1058674000000000E-001
1.3050918643844651E+002	8.9169180000000001E-002
1.3059274501991032E+002	6.7056500000000005E-002
1.3067633939866971E+002	4.4411760000000002E-002
1.3075997180196521E+002	2.1403140000000001E-002
1.3084364419514256E+002	-1.7971248000000000E-003
1.3092735826475382E+002	-2.5015039999999999E-002
1.3101111540391656E+002	-4.8072999999999998E-002
1.3109491669320005E+002	-7.0792240000000006E-002
1.3117876286823699E+002	-9.2995300000000003E-002
1.3126260743608344E+002	-1.1450838000000001E-001
1.3134640733053052E+002	-1.3514954000000001E-001
1.3143016326682351E+002	-1.5474747999999999E-001
1.3151387628334652E+002	-1.7315005999999999E-001
1.3159754772776037E+002	-1.9021550000000001E-001
1.3168117924462342E+002	-2.0581459999999999E-001
1.3176477275944569E+002	-2.1983200000000000E-001
1.3184833045673116E+002	-2.3216719999999999E-001
1.3193185474911445E+002	-2.4273520000000001E-001
1.3201534826800349E+002	-2.5146520000000000E-001
1.3209881383909752E+002	-2.5830300000000000E-001
1.3218225444603672E+002	-2.6321060000000002E-001
1.3226567321181130E+002	-2.6616459999999997E-001
1.3234907339477869E+002	-2.6715380000000000E-001
1.3243245837039103E+002	-2.6617859999999999E-001
1.3251583162200768E+002	-2.6325100000000001E-001
1.3259919672427137E+002	-2.5839420000000002E-001
1.3268255729386686E+002	-2.5164300000000001E-001
1.3276591697550614E+002	-2.4304480000000001E-001
1.3284927942586049E+002	-2.3265920000000001E-001
1.3293264829057796E+002	-2.2055820000000001E-001
1.3301602718023233E+002	-2.0682580000000000E-001
1.3309941964656301E+002	-1.9155700000000001E-001
1.3318282916060338E+002	-1.7485766000000000E-001
1.3326625909242591E+002	-1.5684528000000000E-001
1.3334971269485305E+002	-1.3764760000000001E-001
1.3343319307630384E+002	-1.1740182000000000E-001
1.3351670317846128E+002	-9.6252900000000002E-002
1.3360024575610538E+002	-7.4356140000000001E-002
1.3368382335481104E+002	-5.1872120000000001E-002
1.3376743828667941E+002	-2.8967600000000000E-002
1.3385109260783707E+002	-5.8134820000000000E-003
1.3393478810083667E+002	1.7416642000000000E-002
1.3401852625989963E+002	4.0546739999999998E-002
1.3410230827306944E+002	6.3397860000000000E-002
1.3418613500352251E+002	8.5792019999999997E-002
1.3426999132222352E+002	1.0755412000000000E-001
1.3435381048189396E+002	1.2850842000000001E-001
1.3443758543284528E+002	1.4847389999999999E-001
1.3452131710612326E+002	1.6729394000000000E-001
1.3460500674614121E+002	1.8482266000000000E-001
1.3468865589938676E+002	2.0092679999999999E-001
1.3477226640023332E+002	2.1548600000000001E-001
1.3485584034889382E+002	2.2839460000000000E-001
1.3493938007971670E+002	2.3956259999999999E-001
1.3502288815144109E+002	2.4891400000000000E-001
1.3510636732658330E+002	2.5638939999999999E-001
1.3518982053721984E+002	2.6194479999999998E-001
1.3527325085736922E+002	2.6555240000000002E-001
1.3535666150304655E+002	2.6719680000000001E-001
1.3544005581125197E+002	2.6687480000000002E-001
1.3552343722835016E+002	2.6459440000000001E-001
1.3560680930313390E+002	2.6037519999999997E-001
1.3569017563948134E+002	2.5424799999999997E-001
1.3577353987274418E+002	2.4625600000000000E-001
1.3585690565606512E+002	2.3645479999999999E-001
1.3594027664061133E+002	2.2491240000000001E-001
1.3602365645028152E+002	2.1170880000000000E-001
1.3610704865796663E+002	1.9693572000000001E-001
1.3619045676273433E+002	1.8069557999999999E-001
1.3627388416933320E+002	1.6310147999999999E-001
1.3635733417112806E+002	1.4427867999999999E-001
1.3644080992631655E+002	1.2436114000000000E-001
1.3652431443312844E+002	1.0349114000000000E-001
1.3660785050903587E+002	8.1821140000000001E-002
1.3669142076994990E+002	5.9509920000000001E-002
1.3677502760674605E+002	3.6722659999999997E-002
1.3685867316060725E+002	1.3628960000000001E-002
1.3694235930525528E+002	-9.5981599999999997E-003
1.3702608763049389E+002	-3.2783720000000002E-002
1.3710985942690138E+002	-5.5749180000000002E-002
1.3719367566602281E+002	-7.8316120000000003E-002
1.3727753129038433E+002	-1.0030794000000000E-001
1.3736136075299558E+002	-1.2155062000000000E-001
1.3744514574373761E+002	-1.4186012000000001E-001
1.3752888708780270E+002	-1.6107436000000000E-001
1.3761258592884442E+002	-1.7904403999999999E-001
1.3769624371623752E+002	-1.9563184000000000E-001
1.3777986218990296E+002	-2.1071260000000000E-001
1.3786344336708240E+002	-2.2417640000000000E-001
1.3794698951028218E+002	-2.3592759999999999E-001
1.3803050310760418E+002	-2.4588599999999999E-001
1.3811398685891206E+002	-2.5398640000000000E-001
1.3819744364801946E+002	-2.6017980000000002E-001
1.3828087650469124E+002	-2.6443339999999999E-001
1.3836428859984534E+002	-2.6672839999999998E-001
1.3844768323280971E+002	-2.6705719999999999E-001
1.3853106381575532E+002	-2.6542440000000000E-001
1.3861443386770020E+002	-2.6184540000000001E-001
1.3869779698115363E+002	-2.5634780000000001E-001
1.3878115678361968E+002	-2.4897000000000000E-001
1.3886451692614074E+002	-2.3976380000000000E-001
1.3894788106463946E+002	-2.2879300000000000E-001
1.3903125283576915E+002	-2.1613340000000000E-001
1.3911463583317288E+002	-2.0187320000000000E-001
1.3919803358386883E+002	-1.8611104000000001E-001
1.3928144952720982E+002	-1.6895608000000001E-001
1.3936488699624030E+002	-1.5053020000000000E-001
1.3944834919843484E+002	-1.3096395999999999E-001
1.3953183918876073E+002	-1.1039720000000000E-001
1.3961535984827515E+002	-8.8978639999999998E-002
1.3969891386435970E+002	-6.6865400000000005E-002
1.3978250370710472E+002	-4.4220440000000000E-002
1.3986613160478612E+002	-2.1211819999999999E-002
1.3994979952358921E+002	1.9881327999999999E-003
1.4003350915090309E+002	2.5205479999999999E-002
1.4011726188047999E+002	4.8262739999999998E-002
1.4020105879287581E+002	7.0981080000000002E-002
1.4028490064018862E+002	9.3183039999999995E-002
1.4036874922466879E+002	1.1469504000000000E-001
1.4045255341943840E+002	1.3533692000000000E-001
1.4053631368103586E+002	1.5493530000000000E-001
1.4062003104746739E+002	1.7333794000000000E-001
1.4070370686581902E+002	1.9040309999999999E-001
1.4078734278093606E+002	2.0600140000000000E-001
1.4087094072036490E+002	2.2001780000000001E-001
1.4095450286532184E+002	2.3235159999999999E-001
1.4103803162668538E+002	2.4291740000000001E-001
1.4112152963470436E+002	2.5164480000000000E-001
1.4120499971385635E+002	2.5847940000000003E-001
1.4128844484406903E+002	2.6338319999999998E-001
1.4137186814902270E+002	2.6633240000000002E-001
1.4145527288723750E+002	2.6731620000000000E-001
1.4153866243352348E+002	2.6633479999999998E-001
1.4162204027059843E+002	2.6340019999999997E-001
1.4170540997201212E+002	2.5853579999999998E-001
1.4178877515321446E+002	2.5177640000000001E-001
1.4187213945752220E+002	2.4316960000000001E-001
1.4195550654018592E+002	2.3277500000000001E-001
1.4203888004604372E+002	2.2066459999999999E-001
1.4212226358463613E+002	2.0692260000000001E-001
1.4220566070644449E+002	1.9164422000000000E-001
1.4228907488142175E+002	1.7493538000000000E-001
1.4237250947848295E+002	1.5691368000000000E-001
1.4245596774910979E+002	1.3770700000000000E-001
1.4253945280018723E+002	1.1745266000000000E-001
1.4262296757139708E+002	9.6295820000000004E-002
1.4270651481530075E+002	7.4391760000000001E-002
1.4279009707483218E+002	5.1901299999999997E-002
1.4287371665958420E+002	2.8991280000000001E-002
1.4295737562282667E+002	5.8327819999999999E-003
1.4304107574452365E+002	-1.7400730000000000E-002
1.4312481851603076E+002	-4.0532960000000000E-002
1.4320860512287183E+002	-6.3384979999999994E-002
1.4329243642620537E+002	-8.5778820000000006E-002
1.4337629137289485E+002	-1.0753922000000000E-001
1.4346010580045129E+002	-1.2848908000000001E-001
1.4354387599607452E+002	-1.4844826000000000E-001
1.4362760289366025E+002	-1.6726104000000000E-001
1.4371128774064968E+002	-1.8478159999999999E-001
1.4379493208645511E+002	-2.0087679999999999E-001
1.4387853776523170E+002	-2.1542620000000001E-001
1.4396210688161108E+002	-2.2832479999999999E-001
1.4404564177432587E+002	-2.3948220000000001E-001
1.4412914500534532E+002	-2.4882280000000001E-001
1.4421261933991090E+002	-2.5628740000000000E-001
1.4429606771486488E+002	-2.6183220000000001E-001
1.4437949320653757E+002	-2.6542939999999998E-001
1.4446289903157694E+002	-2.6706400000000002E-001
1.4454628852872179E+002	-2.6673259999999999E-001
1.4462966514621465E+002	-2.6444340000000000E-001
1.4471303243470373E+002	-2.6021620000000001E-001
1.4479639400002512E+002	-2.5408160000000002E-001
1.4487975347932877E+002	-2.4608300000000000E-001
1.4496311452781683E+002	-2.3627580000000001E-001
1.4504648079773690E+002	-2.2472839999999999E-001
1.4512985591400505E+002	-2.1152040000000000E-001
1.4521324345051266E+002	-1.9674359999999999E-001
1.4529664690723004E+002	-1.8050037999999999E-001
1.4538006968942557E+002	-1.6290389999999999E-001
1.4546351509112384E+002	-1.4407935999999999E-001
1.4554698627108135E+002	-1.2416068000000000E-001
1.4563048622830092E+002	-1.0329004000000000E-001
1.4571401778112397E+002	-8.1619919999999999E-002
1.4579758354657471E+002	-5.9309059999999997E-002
1.4588118591636774E+002	-3.6522539999999999E-002
1.4596482703269604E+002	-1.3429806000000001E-002
1.4604850876977758E+002	9.7959420000000002E-003
1.4613223271816761E+002	3.2979920000000003E-002
1.4621600016877574E+002	5.5943600000000003E-002
1.4629981209278336E+002	7.8508560000000005E-002
1.4638366606574638E+002	1.0049824000000000E-001
1.4646749983072397E+002	1.2173937999999999E-001
1.4655128915032401E+002	1.4204848000000000E-001
1.4663503484963374E+002	1.6126199999999999E-001
1.4671873807187751E+002	1.7923064000000000E-001
1.4680240026581774E+002	1.9581708000000000E-001
1.4688602317296113E+002	2.1089620000000001E-001
1.4696960881054571E+002	2.2435780000000000E-001
1.4705315943794994E+002	2.3610660000000000E-001
1.4713667754181162E+002	2.4606180000000000E-001
1.4722016582089438E+002	2.5415860000000001E-001
1.4730362715686135E+002	2.6034800000000002E-001
1.4738706457664713E+002	2.6459680000000002E-001
1.4747048125219933E+002	2.6688640000000002E-001
1.4755388048252260E+002	2.6720919999999998E-001
1.4763726567898993E+002	2.6556940000000001E-001
1.4772064035984434E+002	2.6198320000000003E-001
1.4780400811622243E+002	2.5647740000000002E-001
1.4788737257433897E+002	2.4909120000000001E-001
1.4797073738352432E+002	2.3987600000000001E-001
1.4805410619850861E+002	2.2889599999999999E-001
1.4813748265493695E+002	2.1622720000000001E-001
1.4822087034525765E+002	2.0195759999999999E-001
1.4830427279506287E+002	1.8618604000000000E-001
1.4838769344259768E+002	1.6902188000000001E-001
1.4847113561953194E+002	1.5058711999999999E-001
1.4855460253183475E+002	1.3101238000000001E-001
1.4863809723269569E+002	1.1043768000000000E-001
1.4872162260097159E+002	8.9011880000000002E-002
1.4880518132154546E+002	6.6892119999999999E-002
1.4888877586180888E+002	4.4241580000000003E-002
1.4897240844725349E+002	2.1228440000000001E-002
1.4905608104131753E+002	-1.9749680000000001E-003
1.4913979532849166E+002	-2.5194640000000001E-002
1.4922355269967326E+002	-4.8252959999999998E-002
1.4930735423302477E+002	-7.0971099999999995E-002
1.4939120064594292E+002	-9.3171619999999997E-002
1.4947504478513670E+002	-1.1468074000000000E-001
1.4955884425201401E+002	-1.3531634000000001E-001
1.4964259976446135E+002	-1.5490740000000000E-001
1.4972631236343832E+002	-1.7330177999999999E-001
1.4980998339911994E+002	-1.9035784000000000E-001
1.4989361451847029E+002	-2.0594640000000000E-001
1.4997720764935792E+002	-2.1995219999999999E-001
1.5000000000000000E+002	-2.3227500000000001E-001

 
