4.2152671984732937E-001	1.6342598000000000E-009
8.3955129358975666E-001	1.1831102000000001E-003
1.2635739952476954E+000	7.8635439999999999E-004
1.6904205317906564E+000	3.8444279999999998E-004
2.1194350997799676E+000	1.4685978000000000E-004
2.5499824819581685E+000	-6.8633659999999997E-005
2.9816659848242657E+000	-2.6209099999999999E-004
3.4144826628399163E+000	-4.0701360000000000E-004
3.8482019238542753E+000	-5.0376779999999996E-004
4.2828001308932553E+000	-5.3875679999999999E-004
4.7181797817254552E+000	-5.1049060000000004E-004
5.1542364490486241E+000	-4.3344420000000002E-004
5.5909171472708641E+000	-3.1682619999999999E-004
6.0281632460821024E+000	-1.7399664000000001E-004
6.4659316748864342E+000	-2.6500880000000001E-005
6.9041722621234145E+000	1.0680704000000000E-004
7.3428320147278558E+000	2.1222299999999999E-004
7.7818701353357174E+000	2.7972160000000002E-004
8.2212508202581880E+000	3.0234160000000001E-004
8.6609473442506797E+000	2.7855820000000000E-004
9.1009407015593293E+000	2.1252719999999999E-004
9.5412115818963592E+000	1.1314070000000000E-004
9.9817378594516999E+000	-7.1194540000000002E-006
1.0422496689794402E+001	-1.3390713999999999E-004
1.0863467629045418E+001	-2.5270600000000000E-004
1.1304636453510948E+001	-3.5031480000000001E-004
1.1745996489456797E+001	-4.1608180000000000E-004
1.2187544844880193E+001	-4.4311960000000000E-004
1.2629276684414185E+001	-4.2877699999999998E-004
1.3071182603715327E+001	-3.7489840000000000E-004
1.3513250154965160E+001	-2.8744920000000002E-004
1.3955466949961895E+001	-1.7597738000000001E-004
1.4397822640244263E+001	-5.2433019999999999E-005
1.4840309082592675E+001	7.0010099999999996E-005
1.5282919476078284E+001	1.7835630000000001E-004
1.5725647441039689E+001	2.6127620000000002E-004
1.6168486141211929E+001	3.1005460000000002E-004
1.6611428560189413E+001	3.1960160000000002E-004
1.7054469280508922E+001	2.8882840000000001E-004
1.7497603301732781E+001	2.2078760000000000E-004
1.7940824764686589E+001	1.2230364000000000E-004
1.8384128720633786E+001	3.2738840000000001E-006
1.8827511157433850E+001	-1.2431118000000001E-004
1.9270968536019986E+001	-2.4759100000000002E-004
1.9714497696214490E+001	-3.5413799999999999E-004
2.0158095821993303E+001	-4.3309259999999998E-004
2.0601760440845933E+001	-4.7633920000000001E-004
2.1045489417596258E+001	-4.7920979999999997E-004
2.1489280907623417E+001	-4.4099980000000003E-004
2.1933133257356083E+001	-3.6504440000000000E-004
2.2377044879511921E+001	-2.5824339999999999E-004
2.2821014140657681E+001	-1.3076489999999999E-004
2.3265039298059119E+001	5.3375880000000000E-006
2.3709118493626377E+001	1.3701316000000000E-004
2.4153249786002817E+001	2.5152420000000000E-004
2.4597430242831155E+001	3.3769479999999998E-004
2.5041656899669732E+001	3.8694540000000000E-004
2.5485928715131710E+001	3.9411600000000002E-004
2.5930244774642105E+001	3.5796679999999998E-004
2.6374604195783569E+001	2.8136760000000002E-004
2.6819005790647992E+001	1.7098636000000000E-004
2.7263446219420825E+001	3.6725440000000002E-005
2.7707923486409207E+001	-1.0916762000000000E-004
2.8152436215817453E+001	-2.5324739999999998E-004
2.8596983261744384E+001	-3.8209939999999998E-004
2.9041561660266925E+001	-4.8355879999999998E-004
2.9486168194932851E+001	-5.4787640000000001E-004
2.9930802299997300E+001	-5.6859179999999997E-004
3.0375463541471127E+001	-5.4319180000000000E-004
3.0820151568126317E+001	-4.7334280000000002E-004
3.1264866063803080E+001	-3.6478800000000000E-004
3.1709606699041821E+001	-2.2683860000000000E-004
3.2154373084408846E+001	-7.1679099999999996E-005
3.2599164733132838E+001	8.7013040000000005E-005
3.3043981034968773E+001	2.3489080000000000E-004
3.3488820805979870E+001	3.5848199999999997E-004
3.3933680909739138E+001	4.4635200000000001E-004
3.4378560647163539E+001	4.9013599999999996E-004
3.4823459863126665E+001	4.8530520000000002E-004
3.5268378501443316E+001	4.3162639999999998E-004
3.5713316556909398E+001	3.3321620000000002E-004
3.6158274024254212E+001	1.9822249999999999E-004
3.6603250848608504E+001	3.8126659999999999E-005
3.7048245509632807E+001	-1.3322898000000001E-004
3.7493255288400761E+001	-3.0085019999999998E-004
3.7938279657713650E+001	-4.4988860000000000E-004
3.8383318312896314E+001	-5.6697599999999996E-004
3.8828371127626518E+001	-6.4139679999999997E-004
3.9273438127608465E+001	-6.6606200000000003E-004
3.9718519451847683E+001	-6.3816060000000002E-004
4.0163615305079510E+001	-5.5946700000000002E-004
4.0608725904891699E+001	-4.3616839999999999E-004
4.1053851427986267E+001	-2.7851480000000000E-004
4.1498991961771637E+001	-9.9709620000000006E-005
4.1944147462644068E+001	8.4941359999999997E-005
4.2389317727139762E+001	2.5946980000000002E-004
4.2834501637678208E+001	4.0866539999999998E-004
4.3279695954376237E+001	5.1929859999999995E-004
4.3724900412538659E+001	5.8134520000000000E-004
4.4170115203925803E+001	5.8887640000000003E-004
4.4615340619056944E+001	5.4060220000000001E-004
4.5060576996106548E+001	4.4002800000000002E-004
4.5505824665767449E+001	2.9520360000000000E-004
4.5951083896913268E+001	1.1806210000000000E-004
4.6396354641632691E+001	-7.6571199999999996E-005
4.6841633733134664E+001	-2.7219979999999999E-004
4.7286919822067489E+001	-4.5208420000000002E-004
4.7732212746072854E+001	-6.0066239999999999E-004
4.8177512538850792E+001	-7.0489200000000004E-004
4.8622819407638303E+001	-7.5538660000000002E-004
4.9068133696210175E+001	-7.4726120000000000E-004
4.9513455836428250E+001	-6.8058059999999995E-004
4.9958786292456345E+001	-5.6040440000000005E-004
5.0404125502245051E+001	-3.9638640000000001E-004
5.0849473821288271E+001	-2.0201419999999999E-004
5.1294831473517654E+001	6.5150019999999999E-006
5.1740198513442373E+001	2.1166060000000000E-004
5.2185574594164052E+001	3.9598420000000001E-004
5.2630956219792331E+001	5.4366080000000001E-004
5.3076342382252570E+001	6.4181999999999998E-004
5.3521733420631513E+001	6.8166060000000004E-004
5.3967129803764365E+001	6.5926540000000005E-004
5.4412532077319284E+001	5.7589540000000002E-004
5.4857940804002403E+001	4.3803080000000001E-004
5.5303356502418190E+001	2.5678200000000000E-004
5.5748779589569367E+001	4.7032820000000003E-005
5.6194209444744921E+001	-1.7380263999999999E-004
5.6639642352226247E+001	-3.8721740000000000E-004
5.7085077771565018E+001	-5.7516619999999996E-004
5.7530515772114512E+001	-7.2159540000000003E-004
5.7975956626359604E+001	-8.1380519999999998E-004
5.8421400777601981E+001	-8.4355339999999995E-004
5.8866848793197441E+001	-8.0778139999999996E-004
5.9312301307261841E+001	-7.0891539999999999E-004
5.9757758957621498E+001	-5.5469679999999998E-004
6.0203222322238709E+001	-3.5759460000000002E-004
6.0648691860467594E+001	-1.3376524000000001E-004
6.1094167864081406E+001	9.8250740000000000E-005
6.1539650422262667E+001	3.1906920000000002E-004
6.1985137850359500E+001	5.1009400000000000E-004
6.2430626671915917E+001	6.5507019999999996E-004
6.2876117114837363E+001	7.4146480000000000E-004
6.3321609709905204E+001	7.6155940000000001E-004
6.3767105106841576E+001	7.1312739999999995E-004
6.4212604013071399E+001	5.9965780000000002E-004
6.4658107127387822E+001	4.3010360000000003E-004
6.5103615074184859E+001	2.1819200000000000E-004
6.5549128343503511E+001	-1.8712166000000001E-005
6.5994645411916935E+001	-2.6101860000000000E-004
6.6440162642213238E+001	-4.8852680000000003E-004
6.6885679931033934E+001	-6.8212380000000003E-004
6.7331197504750918E+001	-8.2537460000000002E-004
6.7776715799714864E+001	-9.0593200000000003E-004
6.8222235421422027E+001	-9.1658219999999995E-004
6.8667757089334287E+001	-8.5589480000000000E-004
6.9113281571909596E+001	-7.2838259999999995E-004
6.9558809617328620E+001	-5.4415720000000004E-004
7.0004341885494071E+001	-3.1814760000000000E-004
7.0449878887150149E+001	-6.8868600000000007E-005
7.0895420935114132E+001	1.8309083999999999E-004
7.1340968052118583E+001	4.1676019999999997E-004
7.1786516589609576E+001	6.1254159999999996E-004
7.2232064678287642E+001	7.5384379999999997E-004
7.2677612820574723E+001	8.2849840000000002E-004
7.3123161687256555E+001	8.2979479999999997E-004
7.3568712058405467E+001	7.5708480000000005E-004
7.4014264754812459E+001	6.1588159999999997E-004
7.4459820565906909E+001	4.1741839999999999E-004
7.4905380179661719E+001	1.7780188000000001E-004
7.5350944120811874E+001	-8.3346399999999999E-005
7.5796509709836712E+001	-3.4447059999999997E-004
7.6242073844710163E+001	-5.8385139999999995E-004
7.6687636625189441E+001	-7.8143699999999995E-004
7.7133198398151265E+001	-9.2050100000000000E-004
7.7578759726798879E+001	-9.8906879999999990E-004
7.8024321341918309E+001	-9.8094640000000004E-004
7.8469884078993573E+001	-8.9625659999999999E-004
7.8915448806122185E+001	-7.4150279999999995E-004
7.9361016349102854E+001	-5.2903019999999995E-004
7.9806587419382538E+001	-2.7610340000000001E-004
8.0252162551350395E+001	-3.4238900000000001E-006
8.0697742053911384E+001	2.6650159999999998E-004
8.1143325339486893E+001	5.1124419999999996E-004
8.1588907746112156E+001	7.1031160000000002E-004
8.2034488720827639E+001	8.4685939999999996E-004
8.2480068883789500E+001	9.0912239999999997E-004
8.2925649021783002E+001	8.9142080000000003E-004
8.3371230021421468E+001	7.9467199999999996E-004
8.3816812793785829E+001	6.2637200000000004E-004
8.4262398196666837E+001	3.9997260000000000E-004
8.4707986960680614E+001	1.3389165999999999E-004
8.5153579549807105E+001	-1.5009400000000000E-004
8.5599172093911704E+001	-4.2854520000000002E-004
8.6044762235968221E+001	-6.7832899999999998E-004
8.6490350169001218E+001	-8.7853560000000005E-004
8.6935936345724031E+001	-1.0122274000000000E-003
8.7381521440780176E+001	-1.0678748000000000E-003
8.7827106294282444E+001	-1.0403342000000000E-003
8.8272691841272689E+001	-9.3133259999999998E-004
8.8718279032924073E+001	-7.4936260000000004E-004
8.9163868756047108E+001	-5.0900879999999998E-004
8.9609461757408980E+001	-2.2982900000000000E-004
9.0055058579366317E+001	6.5321340000000004E-005
9.0500659512031177E+001	3.5207899999999999E-004
9.0946262778959962E+001	6.0663020000000000E-004
9.1391863788968507E+001	8.0765760000000002E-004
9.1837462794521585E+001	9.3815480000000002E-004
9.2283060523118678E+001	9.8683800000000008E-004
9.2728657866316482E+001	9.4913120000000004E-004
9.3174255805368645E+001	8.2759140000000005E-004
9.3619855329102691E+001	6.3174260000000001E-004
9.4065457350671139E+001	3.7730080000000001E-004
9.4511062630140259E+001	8.4990300000000005E-005
9.4956671377418758E+001	-2.2125199999999999E-004
9.5402278764709251E+001	-5.1614339999999997E-004
9.5847883122109636E+001	-7.7518420000000001E-004
9.6293484730864137E+001	-9.7668660000000003E-004
9.6739084144101724E+001	-1.1035868000000000E-003
9.7184682141644544E+001	-1.1448910000000001E-003
9.7630279665730257E+001	-1.0966172000000001E-003
9.8075877742777010E+001	-9.6218319999999999E-004
9.8521477397889555E+001	-7.5217079999999998E-004
9.8967079568890995E+001	-4.8345460000000001E-004
9.9412685027193575E+001	-1.7793386000000000E-004
9.9858294312044833E+001	1.3936098000000001E-004
1.0030390768358819E+002	4.4222599999999999E-004
1.0074952159717500E+002	7.0550400000000003E-004
1.0119513256703634E+002	9.0713459999999997E-004
1.0164074119572547E+002	1.0300266000000001E-003
1.0208634831506302E+002	1.0635034000000001E-003
1.0253195491725155E+002	1.0042096000000000E-003
1.0297756207274206E+002	8.5646259999999999E-004
1.0342317084136741E+002	6.3193060000000004E-004
1.0386878218368473E+002	3.4868259999999999E-004
1.0431439688019823E+002	2.9814859999999999E-005
1.0476001466827326E+002	-2.9853319999999998E-004
1.0520563002123853E+002	-6.0923719999999995E-004
1.0565124189683704E+002	-8.7647639999999998E-004
1.0609685066540334E+002	-1.0778474000000000E-003
1.0654245698073512E+002	-1.1962672000000001E-003
1.0698806172712391E+002	-1.2214102000000001E-003
1.0743366594689826E+002	-1.1505902000000000E-003
1.0787927075429893E+002	-9.8906080000000000E-004
1.0832487724322908E+002	-7.4961760000000004E-004
1.0877048639588166E+002	-4.5155860000000000E-004
1.0921609900031746E+002	-1.1919216000000000E-004
1.0966171558362394E+002	2.2021340000000000E-004
1.1010733615258876E+002	5.3861679999999996E-004
1.1055295540931355E+002	8.0954520000000002E-004
1.1099857142342790E+002	1.0102684000000001E-003
1.1144418490020831E+002	1.1237382000000001E-003
1.1188979677681849E+002	1.1400052000000000E-003
1.1233540814565899E+002	1.0571065999999999E-003
1.1278102016424509E+002	8.8128019999999998E-004
1.1322663395945884E+002	6.2647680000000000E-004
1.1367225053354782E+002	3.1327360000000002E-004
1.1411787068016993E+002	-3.2777880000000002E-005
1.1456349340511341E+002	-3.8327359999999999E-004
1.1500911279746126E+002	-7.0923999999999998E-004
1.1545472836712317E+002	-9.8355339999999999E-004
1.1590034057782897E+002	-1.1831938000000000E-003
1.1634595018763113E+002	-1.2911702000000000E-003
1.1679155818770064E+002	-1.2979818000000000E-003
1.1723716572125298E+002	-1.2024160000000000E-003
1.1768277398929135E+002	-1.0117381999999999E-003
1.1812838415138005E+002	-7.4111299999999995E-004
1.1857399722897004E+002	-4.1242680000000003E-004
1.1901961401992715E+002	-5.2500160000000000E-005
1.1946523503093654E+002	3.0909379999999998E-004
1.1991085950078437E+002	6.4247320000000003E-004
1.2035648119692041E+002	9.1987239999999999E-004
1.2080209943492871E+002	1.1179776000000000E-003
1.2124771502698569E+002	1.2199196000000001E-003
1.2169332901912628E+002	1.2166580000000000E-003
1.2213894260568375E+002	1.1077920000000000E-003
1.2258455703088998E+002	9.0167019999999999E-004
1.2303017348610882E+002	6.1471639999999999E-004
1.2347579301055545E+002	2.7016960000000000E-004
1.2392141640435793E+002	-1.0384559999999999E-004
1.2436704163060506E+002	-4.7657199999999998E-004
1.2481266278897850E+002	-8.1720220000000001E-004
1.2525827983826794E+002	-1.0973322000000000E-003
1.2570389334210144E+002	-1.2934110000000000E-003
1.2614950416859350E+002	-1.3887174000000000E-003
1.2659511342011379E+002	-1.3747204000000000E-003
1.2704072234314174E+002	-1.2518904000000000E-003
1.2748633222561257E+002	-1.0297116000000000E-003
1.2793194429053216E+002	-7.2591639999999998E-004
1.2837755959410396E+002	-3.6513959999999999E-004
1.2882317893736035E+002	2.3159400000000001E-005
1.2926880279838591E+002	4.0702940000000002E-004
1.2971442906919745E+002	7.5472500000000004E-004
1.3016005150649943E+002	1.0372370000000001E-003
1.3060567032302671E+002	1.2307894000000001E-003
1.3105128644441260E+002	1.3188352000000000E-003
1.3149690103046416E+002	1.2934162000000000E-003
1.3194251538030659E+002	1.1559234000000000E-003
1.3238813082540429E+002	9.1703420000000002E-004
1.3283374861954590E+002	5.9584939999999999E-004
1.3327936983443874E+002	2.1843899999999999E-004
1.3372499526999363E+002	-1.8436053999999999E-004
1.3417062147299561E+002	-5.7938879999999996E-004
1.3461624305003883E+002	-9.3394639999999998E-004
1.3506186026730637E+002	-1.2184366000000000E-003
1.3550747379648635E+002	-1.4089024000000000E-003
1.3595308462282208E+002	-1.4890134000000001E-003
1.3639869396528414E+002	-1.4514434000000001E-003
1.3684430317683581E+002	-1.2985614000000001E-003
1.3728991363303533E+002	-1.0422958000000000E-003
1.3773552661831354E+002	-7.0317719999999999E-004
1.3818114321905463E+002	-3.0874640000000002E-004
1.3862676423259285E+002	1.0874364000000000E-004
1.3907239009975237E+002	5.1491359999999997E-004
1.3951801670790510E+002	8.7611139999999998E-004
1.3996363886443467E+002	1.1621768000000001E-003
1.4040925727496767E+002	1.3489836000000000E-003
1.4085487298614385E+002	1.4204669999999999E-003
1.4130048727733575E+002	1.3699890000000001E-003
1.4174610155589485E+002	1.2009563999999999E-003
1.4219171724128560E+002	9.2661659999999999E-004
1.4263733564764354E+002	5.6898039999999999E-004
1.4308295787441205E+002	1.5711691999999999E-004
1.4352858469419914E+002	-2.7527100000000000E-004
1.4397421085194992E+002	-6.9256240000000000E-004
1.4441983201852034E+002	-1.0601473999999999E-003
1.4486544859839154E+002	-1.3473217999999999E-003
1.4531106138052164E+002	-1.5298378000000001E-003
1.4575667147526090E+002	-1.5919482000000000E-003
1.4620228022425886E+002	-1.5277648000000001E-003
1.4664788909053092E+002	-1.3417964000000001E-003
1.4709349953800677E+002	-1.0486790000000001E-003
1.4753911291033390E+002	-6.7195340000000001E-004
1.4798473031905849E+002	-2.4226759999999999E-004
1.4843035255037964E+002	2.0519360000000001E-004
1.4887597987220417E+002	6.3355219999999997E-004
1.4932160579680871E+002	1.0072563999999999E-003
1.4976722702900540E+002	1.2950690000000000E-003
1.5000000000000000E+002	1.4726510000000000E-003

 
