8.5840395457187330E-002	1.7703354000000000E+000
1.6637115693632087E-001	1.1910696000000000E+001
2.4439251849756519E-001	7.5669940000000002E+000
3.2137227611817110E-001	4.5886800000000001E+000
3.9814769414232132E-001	2.6990240000000001E+000
4.7533293889404510E-001	1.5913630000000001E+000
5.5325529517598238E-001	1.0295487999999999E+000
6.3195711606682392E-001	8.3612600000000004E-001
7.1135807892432723E-001	8.4821800000000003E-001
7.9134462713389686E-001	9.8709519999999995E-001
8.7178746356150461E-001	1.1646516000000000E+000
9.5248066678785759E-001	1.2490630000000000E+000
1.0333566336988587E+000	1.3013345999999999E+000
1.1143348859339866E+000	1.4461816000000001E+000
1.1954612079878302E+000	1.4349212000000000E+000
1.2766763207463274E+000	1.4505402000000001E+000
1.3579952992960316E+000	1.4527821999999999E+000
1.4394226014008729E+000	1.4368879999999999E+000
1.5209114946546778E+000	1.5235478000000000E+000
1.6024962782324010E+000	1.5053698000000000E+000
1.6841540387321934E+000	1.4456080000000000E+000
1.7658842106306352E+000	1.4738924000000000E+000
1.8477011550402169E+000	1.4622240000000000E+000
1.9296115742786284E+000	1.4159524000000001E+000
2.0116046841168065E+000	1.4366399999999999E+000
2.0936532005600443E+000	1.4921708000000000E+000
2.1757471712946161E+000	1.4967722000000001E+000
2.2578950745953223E+000	1.4564235999999999E+000
2.3401035553595966E+000	1.4277388000000000E+000
2.4223763406699477E+000	1.4207997999999999E+000
2.5047149623498544E+000	1.4134948000000001E+000
2.5871223892815074E+000	1.3980398000000001E+000
2.6695966931174908E+000	1.3848798000000000E+000
2.7521289971833607E+000	1.3928602000000001E+000
2.8347092228351030E+000	1.4126734000000001E+000
2.9173276696760819E+000	1.4236484000000000E+000
2.9999806557345257E+000	1.4183345999999999E+000
3.0826713435666266E+000	1.3984326000000000E+000
3.1654044309367531E+000	1.3766685999999999E+000
3.2481832410042903E+000	1.3642411999999999E+000
3.3310074205302769E+000	1.3626920000000000E+000
3.4138756077430599E+000	1.3655288000000001E+000
3.4967872489263274E+000	1.3620090000000000E+000
3.5797419302995648E+000	1.3494554000000001E+000
3.6627402843610639E+000	1.3356340000000000E+000
3.7457835987581332E+000	1.3265439999999999E+000
3.8288713768797962E+000	1.3234598000000000E+000
3.9119992382022999E+000	1.3274648000000000E+000
3.9951597331972999E+000	1.3371198000000000E+000
4.0783458506569747E+000	1.3459676000000000E+000
4.1615536231460561E+000	1.3476976000000001E+000
4.2447827283035497E+000	1.3406856000000000E+000
4.3280359230145242E+000	1.3274134000000000E+000
4.4113179183799849E+000	1.3118761999999999E+000
4.4946335957287529E+000	1.2981616000000000E+000
4.5779859039689415E+000	1.2895652000000000E+000
4.6613748897633380E+000	1.2871733999999999E+000
4.7447980985054974E+000	1.2895110000000001E+000
4.8282516141239027E+000	1.2936870000000000E+000
4.9117311993126451E+000	1.2969202000000000E+000
4.9952333943976930E+000	1.2973425999999999E+000
5.0787565385989817E+000	1.2940643999999999E+000
5.1623012759449711E+000	1.2872121999999999E+000
5.2458701175748681E+000	1.2780684000000000E+000
5.3294661700434123E+000	1.2688458000000000E+000
5.4130916043764516E+000	1.2618844000000000E+000
5.4967465955881654E+000	1.2586834000000000E+000
5.5804291763649685E+000	1.2593478000000000E+000
5.6641358913947020E+000	1.2626750000000000E+000
5.7478627730890492E+000	1.2668126000000000E+000
5.8316062242416553E+000	1.2700655999999999E+000
5.9153636462142378E+000	1.2713178000000001E+000
5.9991338067386319E+000	1.2700000000000000E+000
6.0829169786338184E+000	1.2659624000000000E+000
6.1667148423103271E+000	1.2595128000000000E+000
6.2505301212696729E+000	1.2514749999999999E+000
6.3343659786564412E+000	1.2430521999999999E+000
6.4182252983729517E+000	1.2355018000000000E+000
6.5021100422954987E+000	1.2297963999999999E+000
6.5860208868652075E+000	1.2264050000000000E+000
6.6699571840668419E+000	1.2252479999999999E+000
6.7539171893610312E+000	1.2258188000000001E+000
6.8378984392768141E+000	1.2274187999999999E+000
6.9218981550962964E+000	1.2293904000000000E+000
7.0059135878710972E+000	1.2312346000000001E+000
7.0899422811198018E+000	1.2325974000000000E+000
7.1739822680652914E+000	1.2332094000000000E+000
7.2580322158409496E+000	1.2328692000000001E+000
7.3420914986811052E+000	1.2314875999999999E+000
7.4261601686520917E+000	1.2291460000000001E+000
7.5102388120668753E+000	1.2261105999999999E+000
7.5943283155685242E+000	1.2227796000000000E+000
7.6784295990037101E+000	1.2195754000000001E+000
7.7625433877359615E+000	1.2168234000000000E+000
7.8466700181308022E+000	1.2146626000000000E+000
7.9308094586014537E+000	1.2130236000000001E+000
8.0149615729010559E+000	1.2116832000000000E+000
8.0991261514311592E+000	1.2103674000000000E+000
8.1833030556521376E+000	1.2088554000000000E+000
8.2674923106628349E+000	1.2070424000000000E+000
8.3516941221411063E+000	1.2049466000000000E+000
8.4359088263540460E+000	1.2026733999999999E+000
8.5201368008715637E+000	1.2003657999999999E+000
8.6043783704897336E+000	1.1981594000000000E+000
8.6886337341059932E+000	1.1961544000000000E+000
8.7729029241031338E+000	1.1944062000000000E+000
8.8571857988097875E+000	1.1929304000000001E+000
8.9414820580003997E+000	1.1917165999999999E+000
9.0257912689295043E+000	1.1907445999999999E+000
9.1101128920934844E+000	1.1899941999999999E+000
9.1944461882075679E+000	1.1894439999999999E+000
9.2787903800923441E+000	1.1890632000000001E+000
9.3631447356453581E+000	1.1887992000000001E+000
9.4475085300674913E+000	1.1885737999999999E+000
9.5318810919820702E+000	1.1882910000000000E+000
9.6162618503163539E+000	1.1878546000000001E+000
9.7006503782790787E+000	1.1871908000000000E+000
9.7850464156374173E+000	1.1862664000000001E+000
9.8694498649968576E+000	1.1850959999999999E+000
9.9538607645500559E+000	1.1837354000000000E+000
1.0038279243175245E+001	1.1822686000000000E+000
1.0122705467488215E+001	1.1807874000000000E+000
1.0207139590862402E+001	1.1793742000000000E+000
1.0291581713603176E+001	1.1780880000000000E+000
1.0376031859343056E+001	1.1769588000000000E+000
1.0460489969147554E+001	1.1759873999999999E+000
1.0544955910573247E+001	1.1751520000000000E+000
1.0629429496658265E+001	1.1744180000000000E+000
1.0713910508793679E+001	1.1737474000000001E+000
1.0798398718276163E+001	1.1731076000000000E+000
1.0882893903603497E+001	1.1724728000000000E+000
1.0967395863053035E+001	1.1718246000000001E+000
1.1051904423917820E+001	1.1711472000000001E+000
1.1136419450433030E+001	1.1704251999999999E+000
1.1220940851725441E+001	1.1696408000000000E+000
1.1305468589768074E+001	1.1687760000000000E+000
1.1390002685854236E+001	1.1678170000000001E+000
1.1474543223234859E+001	1.1667580000000000E+000
1.1559090343767018E+001	1.1656058000000000E+000
1.1643644237410886E+001	1.1643806000000001E+000
1.1728205124722384E+001	1.1631140000000000E+000
1.1812773234165496E+001	1.1618454000000000E+000
1.1897348777125368E+001	1.1606164000000001E+000
1.1981931923885867E+001	1.1594658000000000E+000
1.2066522783605475E+001	1.1584247999999999E+000
1.2151121390620029E+001	1.1575135999999999E+000
1.2235727698394815E+001	1.1567402000000000E+000
1.2320341581217640E+001	1.1561003999999999E+000
1.2404962843081639E+001	1.1555796000000000E+000
1.2489591232397581E+001	1.1551544000000000E+000
1.2574226460650122E+001	1.1547962000000001E+000
1.2658868222850307E+001	1.1544734000000001E+000
1.2743516217630079E+001	1.1541562000000001E+000
1.2828170164960625E+001	1.1538177999999999E+000
1.2912829819833467E+001	1.1534384000000000E+000
1.2997494980855789E+001	1.1530054000000001E+000
1.3082165493493891E+001	1.1525144000000000E+000
1.3166841248442454E+001	1.1519678000000000E+000
1.3251522176283109E+001	1.1513734000000000E+000
1.3336208239913788E+001	1.1507410000000000E+000
1.3420899426235520E+001	1.1500817999999999E+000
1.3505595738361986E+001	1.1494054000000000E+000
1.3590297188952286E+001	1.1487200000000000E+000
1.3675003794921277E+001	1.1480319999999999E+000
1.3759715573349943E+001	1.1473464000000000E+000
1.3844432538138092E+001	1.1466684000000000E+000
1.3929154697047949E+001	1.1460026000000001E+000
1.4013882048904971E+001	1.1453544000000000E+000
1.4098614580981868E+001	1.1447284000000000E+000
1.4183352266806816E+001	1.1441290000000000E+000
1.4268095064769030E+001	1.1435588000000001E+000
1.4352842917879784E+001	1.1430182000000000E+000
1.4437595754930310E+001	1.1425053999999999E+000
1.4522353493027740E+001	1.1420159999999999E+000
1.4607116037780845E+001	1.1415438000000000E+000
1.4691883027012995E+001	1.1410818000000000E+000
1.4776654210993781E+001	1.1406224000000000E+000
1.4861429518941135E+001	1.1401596000000001E+000
1.4946208891183447E+001	1.1396885999999999E+000
1.5030992281373788E+001	1.1392068000000000E+000
1.5115779657305868E+001	1.1387136000000000E+000
1.5200571000317803E+001	1.1382108000000000E+000
1.5285366303379254E+001	1.1377022000000001E+000
1.5370165568132169E+001	1.1371928000000000E+000
1.5454968801252242E+001	1.1366882000000000E+000
1.5539776010558466E+001	1.1361943999999999E+000
1.5624587201326566E+001	1.1357164000000000E+000
1.5709402373235486E+001	1.1352578000000000E+000
1.5794221518265596E+001	1.1348204000000000E+000
1.5879044619818563E+001	1.1344044000000000E+000
1.5963871653026112E+001	1.1340074000000000E+000
1.6048702586155276E+001	1.1336256000000000E+000
1.6133537382844722E+001	1.1332544000000000E+000
1.6218376004816466E+001	1.1328883999999999E+000
1.6303218414617007E+001	1.1325229999999999E+000
1.6388064578002808E+001	1.1321536000000001E+000
1.6472914465719985E+001	1.1317782000000001E+000
1.6557768054453213E+001	1.1313949999999999E+000
1.6642625326933132E+001	1.1310042000000000E+000
1.6727486271286455E+001	1.1306073999999999E+000
1.6812350879790031E+001	1.1302066000000000E+000
1.6897219147271375E+001	1.1298041999999999E+000
1.6982091069401008E+001	1.1294028000000000E+000
1.7066966641088850E+001	1.1290043999999999E+000
1.7151845855163167E+001	1.1286103999999999E+000
1.7236728569002981E+001	1.1282217999999999E+000
1.7321614392812155E+001	1.1278390000000000E+000
1.7406503266397582E+001	1.1274614000000001E+000
1.7491395149225504E+001	1.1270884000000001E+000
1.7576290000267196E+001	1.1267191999999999E+000
1.7661187778614483E+001	1.1263529999999999E+000
1.7746088444056230E+001	1.1259892000000000E+000
1.7830991957519036E+001	1.1256276000000001E+000
1.7915898281317677E+001	1.1252686000000001E+000
1.8000807379184117E+001	1.1249123999999999E+000
1.8085719216092475E+001	1.1245601999999999E+000
1.8170633757925422E+001	1.1242129999999999E+000
1.8255550971041846E+001	1.1238716000000000E+000
1.8340470821820272E+001	1.1235375999999999E+000
1.8425393276255786E+001	1.1232114000000000E+000
1.8510318299670875E+001	1.1228940000000001E+000
1.8595245856590093E+001	1.1225854000000000E+000
1.8680175910809886E+001	1.1222854000000000E+000
1.8765108425672924E+001	1.1219935999999999E+000
1.8850043364533370E+001	1.1217090000000001E+000
1.8934980691383998E+001	1.1214307999999999E+000
1.9019920371598950E+001	1.1211572000000001E+000
1.9104862372723272E+001	1.1208872000000001E+000
1.9189806665243349E+001	1.1206195999999999E+000
1.9274753223268196E+001	1.1203529999999999E+000
1.9359702025051519E+001	1.1200867999999999E+000
1.9444653053320437E+001	1.1198201999999999E+000
1.9529606295367905E+001	1.1195534000000000E+000
1.9614561742902659E+001	1.1192864000000000E+000
1.9699519391685953E+001	1.1190198000000000E+000
1.9784479240986432E+001	1.1187541999999999E+000
1.9869441292916669E+001	1.1184905999999999E+000
1.9954405551720885E+001	1.1182300000000001E+000
2.0039372023076986E+001	1.1179732000000000E+000
2.0124340713471874E+001	1.1177206000000000E+000
2.0209311629692568E+001	1.1174728000000000E+000
2.0294284778470395E+001	1.1172302000000001E+000
2.0379260166276058E+001	1.1169925999999999E+000
2.0464237799258488E+001	1.1167594000000001E+000
2.0549217683295311E+001	1.1165305999999999E+000
2.0634199824117704E+001	1.1163053999999999E+000
2.0719184227476180E+001	1.1160832000000001E+000
2.0804170899288977E+001	1.1158636000000000E+000
2.0889159845748377E+001	1.1156458000000000E+000
2.0974151073359980E+001	1.1154295999999999E+000
2.1059144588902075E+001	1.1152148000000000E+000
2.1144140399303765E+001	1.1150012000000000E+000
2.1229138511449708E+001	1.1147887999999999E+000
2.1314138931936746E+001	1.1145778000000000E+000
2.1399141666802720E+001	1.1143684000000000E+000
2.1484146721257030E+001	1.1141604000000001E+000
2.1569154099434659E+001	1.1139542000000000E+000
2.1654163804185274E+001	1.1137496000000000E+000
2.1739175836908530E+001	1.1135466000000001E+000
2.1824190197434614E+001	1.1133454000000000E+000
2.1909206883946233E+001	1.1131454000000001E+000
2.1994225749895790E+001	1.1129465999999999E+000
2.2079246135033305E+001	1.1127490000000000E+000
2.2164267958160604E+001	1.1125520000000000E+000
2.2249291222268084E+001	1.1123559999999999E+000
2.2334315932640539E+001	1.1121605999999999E+000
2.2419342096755347E+001	1.1119660000000000E+000
2.2504369724137405E+001	1.1117722000000001E+000
2.2589398826195385E+001	1.1115792000000000E+000
2.2674429416043310E+001	1.1113872000000000E+000
2.2759461508316999E+001	1.1111964000000001E+000
2.2844495119003938E+001	1.1110068000000000E+000
2.2929530265301739E+001	1.1108184000000001E+000
2.3014566965512802E+001	1.1106312000000000E+000
2.3099605238968948E+001	1.1104452000000000E+000
2.3184645105986778E+001	1.1102600000000000E+000
2.3269686587850515E+001	1.1100756000000001E+000
2.3354729706819480E+001	1.1098918000000000E+000
2.3439774486142795E+001	1.1097083999999999E+000
2.3524820950067639E+001	1.1095248000000000E+000
2.3609869123829977E+001	1.1093409999999999E+000
2.3694919033616774E+001	1.1091568000000001E+000
2.3779970706500212E+001	1.1089720000000001E+000
2.3865024170332397E+001	1.1087868000000001E+000
2.3950079453595947E+001	1.1086008000000001E+000
2.4035136585219249E+001	1.1084141999999999E+000
2.4120195594357309E+001	1.1082272000000000E+000
2.4205256510147187E+001	1.1080399999999999E+000
2.4290319361439039E+001	1.1078528000000001E+000
2.4375384176514380E+001	1.1076656000000000E+000
2.4460450982797870E+001	1.1074788000000000E+000
2.4545519806570510E+001	1.1072928000000000E+000
2.4630590672690332E+001	1.1071076000000000E+000
2.4715663604326693E+001	1.1069236000000000E+000
2.4800738622720626E+001	1.1067410000000000E+000
2.4885815746963932E+001	1.1065598000000001E+000
2.4970894993803576E+001	1.1063802000000000E+000
2.5055976377478004E+001	1.1062023999999999E+000
2.5141059909579543E+001	1.1060264000000000E+000
2.5226145598952499E+001	1.1058524000000001E+000
2.5311233433366059E+001	1.1056800000000000E+000
2.5396322662606611E+001	1.1055096000000000E+000
2.5481412869134790E+001	1.1053409999999999E+000
2.5566504023336364E+001	1.1051740000000001E+000
2.5651596097843480E+001	1.1050085999999999E+000
2.5736689067734503E+001	1.1048446000000001E+000
2.5821782910723723E+001	1.1046819999999999E+000
2.5906877607328092E+001	1.1045206000000001E+000
2.5991973141015968E+001	1.1043605999999999E+000
2.6077069498322494E+001	1.1042018000000000E+000
2.6162166668935551E+001	1.1040440000000000E+000
2.6247264645760428E+001	1.1038874000000001E+000
2.6332363424950806E+001	1.1037319999999999E+000
2.6417463005903588E+001	1.1035775999999999E+000
2.6502563391231185E+001	1.1034246000000001E+000
2.6587664586723950E+001	1.1032728000000001E+000
2.6672766601274734E+001	1.1031222000000001E+000
2.6757869446794391E+001	1.1029732000000001E+000
2.6842973138121671E+001	1.1028254000000000E+000
2.6928077692916808E+001	1.1026792000000001E+000
2.7013183131543880E+001	1.1025343999999999E+000
2.7098289476947649E+001	1.1023912000000000E+000
2.7183396754524413E+001	1.1022494000000000E+000
2.7268504991991630E+001	1.1021090000000000E+000
2.7353614219249444E+001	1.1019702000000000E+000
2.7438724468229061E+001	1.1018327999999999E+000
2.7523835772736671E+001	1.1016968000000000E+000
2.7608948168286851E+001	1.1015619999999999E+000
2.7694061691921600E+001	1.1014288000000001E+000
2.7779176382018893E+001	1.1012968000000001E+000
2.7864292278087245E+001	1.1011660000000001E+000
2.7949409420553881E+001	1.1010366000000000E+000
2.8034527850540890E+001	1.1009084000000000E+000
2.8119647609631013E+001	1.1007814000000000E+000
2.8204768739625809E+001	1.1006558000000000E+000
2.8289891282301724E+001	1.1005312000000000E+000
2.8375015279170409E+001	1.1004080000000001E+000
2.8460140771224143E+001	1.1002860000000001E+000
2.8545267798687963E+001	1.1001654000000001E+000
2.8630396400776544E+001	1.1000458000000000E+000
2.8715526615446802E+001	1.0999274000000001E+000
2.8800658479153423E+001	1.0998104000000000E+000
2.8885792026611909E+001	1.0996944000000000E+000
2.8970927290558404E+001	1.0995798000000001E+000
2.9056064301517996E+001	1.0994661999999999E+000
2.9141203087584135E+001	1.0993539999999999E+000
2.9226343674198894E+001	1.0992430000000000E+000
2.9311486083922976E+001	1.0991332000000000E+000
2.9396630336243266E+001	1.0990245999999999E+000
2.9481776447394154E+001	1.0989172000000000E+000
2.9566924430179562E+001	1.0988112000000001E+000
2.9652074293807345E+001	1.0987064000000000E+000
2.9737226029831259E+001	1.0986030000000000E+000
2.9822378505419064E+001	1.0985008000000001E+000
2.9907530991690230E+001	1.0983997999999999E+000
2.9992683479579139E+001	1.0983000000000001E+000
3.0077835964200318E+001	1.0982016000000001E+000
3.0162988444907121E+001	1.0981044000000000E+000
3.0248140925310235E+001	1.0980082000000000E+000
3.0333293413295372E+001	1.0979133999999999E+000
3.0418445921038867E+001	1.0978196000000000E+000
3.0503598464998245E+001	1.0977268000000000E+000
3.0588751065876586E+001	1.0976352000000000E+000
3.0673903748558686E+001	1.0975446000000000E+000
3.0759056542039495E+001	1.0974550000000001E+000
3.0844209479353299E+001	1.0973662000000000E+000
3.0929362597439258E+001	1.0972786000000001E+000
3.1014515937014227E+001	1.0971915999999999E+000
3.1099669542433301E+001	1.0971055999999999E+000
3.1184823461519059E+001	1.0970203999999999E+000
3.1269977745380682E+001	1.0969358000000000E+000
3.1355132448256121E+001	1.0968519999999999E+000
3.1440287627288562E+001	1.0967688000000000E+000
3.1525443342200916E+001	1.0966864000000001E+000
3.1610599655086059E+001	1.0966046000000000E+000
3.1695756630144253E+001	1.0965233999999999E+000
3.1780914333414184E+001	1.0964426000000000E+000
3.1866072832487717E+001	1.0963626000000000E+000
3.1951232196189562E+001	1.0962829999999999E+000
3.2036392494269457E+001	1.0962040000000000E+000
3.2121553797074135E+001	1.0961254000000000E+000
3.2206716175190948E+001	1.0960475999999999E+000
3.2291879699097024E+001	1.0959702000000000E+000
3.2377044438804965E+001	1.0958934000000000E+000
3.2462210463532230E+001	1.0958174000000001E+000
3.2547377841306485E+001	1.0957420000000000E+000
3.2632546638601028E+001	1.0956674000000000E+000
3.2717716919971537E+001	1.0955935999999999E+000
3.2802888747690517E+001	1.0955206000000000E+000
3.2888062181409850E+001	1.0954486000000001E+000
3.2973237277804174E+001	1.0953774000000001E+000
3.3058414090212096E+001	1.0953074000000000E+000
3.3143592668297373E+001	1.0952383999999999E+000
3.3228773057733676E+001	1.0951706000000001E+000
3.3313955299904450E+001	1.0951040000000001E+000
3.3399139431612511E+001	1.0950386000000001E+000
3.3484325484811656E+001	1.0949746000000000E+000
3.3569512896802166E+001	1.0949120000000001E+000
3.3654699740806770E+001	1.0948507999999999E+000
3.3739885836584605E+001	1.0947910000000001E+000
3.3825071156981089E+001	1.0947328000000001E+000
3.3910255680444834E+001	1.0946760000000000E+000
3.3995439391167693E+001	1.0946207999999999E+000
3.4080622279228137E+001	1.0945672000000000E+000
3.4165804340747684E+001	1.0945149999999999E+000
3.4250985577959170E+001	1.0944643999999999E+000
3.4336165999261404E+001	1.0944152000000000E+000
3.4421345619260258E+001	1.0943674000000001E+000
3.4506524458813075E+001	1.0943212000000000E+000
3.4591702545021235E+001	1.0942764000000000E+000
3.4676879911177856E+001	1.0942327999999999E+000
3.4762056596720960E+001	1.0941904000000000E+000
3.4847232647171758E+001	1.0941491999999999E+000
3.4932408113991713E+001	1.0941091999999999E+000
3.5017583054424783E+001	1.0940704000000001E+000
3.5102757531372951E+001	1.0940322000000000E+000
3.5187931613158682E+001	1.0939951999999999E+000
3.5273105373311864E+001	1.0939589999999999E+000
3.5358278890298720E+001	1.0939234000000000E+000
3.5443452247259820E+001	1.0938884000000000E+000
3.5528625531729098E+001	1.0938540000000001E+000
3.5613798835263736E+001	1.0938201999999999E+000
3.5698972253059281E+001	1.0937867999999999E+000
3.5784145883584195E+001	1.0937539999999999E+000
3.5869319828157003E+001	1.0937214000000000E+000
3.5954494190518389E+001	1.0936892000000000E+000
3.6039669076403456E+001	1.0936573999999999E+000
3.6124844593058441E+001	1.0936260000000000E+000
3.6210020848703969E+001	1.0935950000000001E+000
3.6295197952030982E+001	1.0935644000000000E+000
3.6380376011744559E+001	1.0935341999999999E+000
3.6465555135983642E+001	1.0935045999999999E+000
3.6550735431755264E+001	1.0934756000000001E+000
3.6635917004409670E+001	1.0934472000000000E+000
3.6721099957117737E+001	1.0934196000000000E+000
3.6806284390257225E+001	1.0933930000000001E+000
3.6891470400859518E+001	1.0933674000000000E+000
3.6976658082119563E+001	1.0933430000000000E+000
3.7061847522727724E+001	1.0933200000000001E+000
3.7147038806376599E+001	1.0932983999999999E+000
3.7232232011287017E+001	1.0932786000000001E+000
3.7317427209685633E+001	1.0932603999999999E+000
3.7402624467309536E+001	1.0932443999999999E+000
3.7487823842901747E+001	1.0932303999999999E+000
3.7573025387851807E+001	1.0932184000000000E+000
3.7658229145801180E+001	1.0932090000000001E+000
3.7743435152234397E+001	1.0932017999999999E+000
3.7828643023270288E+001	1.0931974000000000E+000
3.7913849638765591E+001	1.0931956000000000E+000
3.7999054322209510E+001	1.0931966000000000E+000
3.8084257049822099E+001	1.0932002000000001E+000
3.8169457806511105E+001	1.0932067999999999E+000
3.8254656586008544E+001	1.0932160000000000E+000
3.8339853390977161E+001	1.0932280000000001E+000
3.8425048233217396E+001	1.0932426000000000E+000
3.8510241133723696E+001	1.0932599999999999E+000
3.8595432122704082E+001	1.0932797999999999E+000
3.8680621239634952E+001	1.0933021999999999E+000
3.8765808533251715E+001	1.0933268000000000E+000
3.8850994061486745E+001	1.0933538000000000E+000
3.8936177891291187E+001	1.0933826000000000E+000
3.9021360098600169E+001	1.0934132000000001E+000
3.9106540768276602E+001	1.0934454000000000E+000
3.9191719993761296E+001	1.0934792000000000E+000
3.9276897876763933E+001	1.0935144000000001E+000
3.9362074527000459E+001	1.0935505999999999E+000
3.9447250061839057E+001	1.0935876000000000E+000
3.9532424605961687E+001	1.0936254000000001E+000
3.9617598290868870E+001	1.0936638000000001E+000
3.9702771254457389E+001	1.0937026000000001E+000
3.9787943640399718E+001	1.0937416000000000E+000
3.9873115597642297E+001	1.0937806000000001E+000
3.9958287279976375E+001	1.0938197999999999E+000
4.0043458845185825E+001	1.0938588000000000E+000
4.0128630454358827E+001	1.0938980000000000E+000
4.0213802271233135E+001	1.0939372000000001E+000
4.0298974461390593E+001	1.0939762000000000E+000
4.0384147191610808E+001	1.0940152000000001E+000
4.0469320628964589E+001	1.0940548000000001E+000
4.0554494939849612E+001	1.0940946000000000E+000
4.0639670289219829E+001	1.0941344000000000E+000
4.0724846839915344E+001	1.0941748000000000E+000
4.0810024751816599E+001	1.0942158000000000E+000
4.0895204180865612E+001	1.0942578000000001E+000
4.0980385278205809E+001	1.0943012000000001E+000
4.1065568189203212E+001	1.0943464000000001E+000
4.1150753052589792E+001	1.0943938000000000E+000
4.1235939999478084E+001	1.0944436000000000E+000
4.1321129152549986E+001	1.0944959999999999E+000
4.1406320625374612E+001	1.0945514000000001E+000
4.1491514521590325E+001	1.0946104000000001E+000
4.1576710934031198E+001	1.0946727999999999E+000
4.1661909944172194E+001	1.0947388000000000E+000
4.1747111621683715E+001	1.0948093999999999E+000
4.1832314552088413E+001	1.0948844000000000E+000
4.1917514252771582E+001	1.0949640000000000E+000
4.2002710352724662E+001	1.0950485999999999E+000
4.2087902799555742E+001	1.0951388000000000E+000
4.2173091553257052E+001	1.0952340000000000E+000
4.2258276586679067E+001	1.0953348000000001E+000
4.2343457885968306E+001	1.0954410000000001E+000
4.2428635450716904E+001	1.0955526000000000E+000
4.2513809294197621E+001	1.0956690000000000E+000
4.2598979443688222E+001	1.0957904000000001E+000
4.2684145940674050E+001	1.0959170000000000E+000
4.2769308840801934E+001	1.0960479999999999E+000
4.2854468213772641E+001	1.0961837999999999E+000
4.2939624143361797E+001	1.0963233999999999E+000
4.3024776727364241E+001	1.0964666000000001E+000
4.3109926077667566E+001	1.0966132000000000E+000
4.3195072319925046E+001	1.0967632000000000E+000
4.3280215592952857E+001	1.0969152000000000E+000
4.3365356048740750E+001	1.0970694000000001E+000
4.3450493852296283E+001	1.0972253999999999E+000
4.3535629180785598E+001	1.0973830000000000E+000
4.3620762222822847E+001	1.0975413999999999E+000
4.3705893178076039E+001	1.0977003999999999E+000
4.3791022256575395E+001	1.0978600000000001E+000
4.3876149677721408E+001	1.0980196000000000E+000
4.3961275669508382E+001	1.0981786000000000E+000
4.4046400467800574E+001	1.0983369999999999E+000
4.4131524315468987E+001	1.0984950000000000E+000
4.4216647460966534E+001	1.0986524000000000E+000
4.4301770157346596E+001	1.0988096000000001E+000
4.4386892660877777E+001	1.0989658000000000E+000
4.4472015229973167E+001	1.0991215999999999E+000
4.4557138123912445E+001	1.0992772000000000E+000
4.4642261601364417E+001	1.0994326000000001E+000
4.4727385919297980E+001	1.0995885999999999E+000
4.4812511331274735E+001	1.0997450000000000E+000
4.4897638086204360E+001	1.0999019999999999E+000
4.4982766427047899E+001	1.1000600000000000E+000
4.5067896589630521E+001	1.1002208000000000E+000
4.5153028800639298E+001	1.1003854000000000E+000
4.5238163275636211E+001	1.1005541999999999E+000
4.5323300217731237E+001	1.1007282000000000E+000
4.5408439816132798E+001	1.1009070000000001E+000
4.5493582245274865E+001	1.1010915999999999E+000
4.5578727663886646E+001	1.1012830000000000E+000
4.5663876213175278E+001	1.1014813999999999E+000
4.5749028015520409E+001	1.1016874000000001E+000
4.5834183174019103E+001	1.1019018000000000E+000
4.5919341771602696E+001	1.1021258000000000E+000
4.6004499678429042E+001	1.1023594000000001E+000
4.6089651236884229E+001	1.1026030000000000E+000
4.6174796333782453E+001	1.1028579999999999E+000
4.6259934904398001E+001	1.1031238000000001E+000
4.6345066904113132E+001	1.1034003999999999E+000
4.6430192309131002E+001	1.1036874000000001E+000
4.6515311117324302E+001	1.1039846000000000E+000
4.6600423348704823E+001	1.1042917999999999E+000
4.6685529045180033E+001	1.1046081999999999E+000
4.6770628271430375E+001	1.1049342000000000E+000
4.6855721115073166E+001	1.1052686000000000E+000
4.6940807686402025E+001	1.1056112000000000E+000
4.7025888118439333E+001	1.1059610000000000E+000
4.7110962566782824E+001	1.1063170000000000E+000
4.7196031209573007E+001	1.1066784000000001E+000
4.7281094247412675E+001	1.1070446000000000E+000
4.7366151902956602E+001	1.1074138000000000E+000
4.7451204420348162E+001	1.1077847999999999E+000
4.7536252065324639E+001	1.1081576000000000E+000
4.7621295123910102E+001	1.1085313999999999E+000
4.7706333900975253E+001	1.1089050000000000E+000
4.7791368719623819E+001	1.1092780000000000E+000
4.7876399921025424E+001	1.1096492000000000E+000
4.7961427861465829E+001	1.1100184000000000E+000
4.8046452911152514E+001	1.1103844000000000E+000
4.8131475452941373E+001	1.1107468000000000E+000
4.8216495880725930E+001	1.1111054000000000E+000
4.8301514598100503E+001	1.1114611999999999E+000
4.8386532015903164E+001	1.1118140000000001E+000
4.8471548549639820E+001	1.1121618000000000E+000
4.8556564618540818E+001	1.1125064000000000E+000
4.8641580643022813E+001	1.1128473999999999E+000
4.8726597041571402E+001	1.1131860000000000E+000
4.8811614229305441E+001	1.1135246000000001E+000
4.8896632614295882E+001	1.1138638000000001E+000
4.8981652594472656E+001	1.1142018000000000E+000
4.9066674556307888E+001	1.1145398000000000E+000
4.9151698873695779E+001	1.1148804000000001E+000
4.9236725904183487E+001	1.1152256000000000E+000
4.9321755985723762E+001	1.1155774000000001E+000
4.9406789433896790E+001	1.1159372000000001E+000
4.9491826539094014E+001	1.1163057999999999E+000
4.9576867564367120E+001	1.1166849999999999E+000
4.9661912743723470E+001	1.1170772000000000E+000
4.9746962279574674E+001	1.1174838000000000E+000
4.9832016340046067E+001	1.1179036000000000E+000
4.9917070640744448E+001	1.1183380000000001E+000
5.0002114776094153E+001	1.1187868000000001E+000
5.0087148174096342E+001	1.1192506000000000E+000
5.0172170725577807E+001	1.1197318000000001E+000
5.0257182356055488E+001	1.1202316000000001E+000
5.0342183025305168E+001	1.1207488000000001E+000
5.0427172728863987E+001	1.1212831999999999E+000
5.0512151499598055E+001	1.1218348000000000E+000
5.0597119408237624E+001	1.1224014000000000E+000
5.0682076562944751E+001	1.1229823999999999E+000
5.0767023111330062E+001	1.1235782000000001E+000
5.0851959240064119E+001	1.1241870000000000E+000
5.0936885174041748E+001	1.1248056000000000E+000
5.1021801176934034E+001	1.1254329999999999E+000
5.1106707551447144E+001	1.1260668000000000E+000
5.1191604638678903E+001	1.1267054000000001E+000
5.1276492817133750E+001	1.1273477999999999E+000
5.1361372501931577E+001	1.1279922000000000E+000
5.1446244143014077E+001	1.1286346000000000E+000
5.1531108224961294E+001	1.1292743999999999E+000
5.1615965266265306E+001	1.1299110000000001E+000
5.1700815816049989E+001	1.1305418000000000E+000
5.1785660451596286E+001	1.1311652000000001E+000
5.1870499776487925E+001	1.1317794000000001E+000
5.1955334418308901E+001	1.1323836000000000E+000
5.2040165026248332E+001	1.1329762000000001E+000
5.2124992267748453E+001	1.1335576000000001E+000
5.2209816824970915E+001	1.1341270000000001E+000
5.2294639394066500E+001	1.1346844000000000E+000
5.2379460678204225E+001	1.1352287999999999E+000
5.2464281383251425E+001	1.1357626000000001E+000
5.2549102214451842E+001	1.1362867999999999E+000
5.2633923871642139E+001	1.1368008000000001E+000
5.2718747045010076E+001	1.1373058000000000E+000
5.2803572412654177E+001	1.1378086000000001E+000
5.2888400633656325E+001	1.1383098000000000E+000
5.2973232340892558E+001	1.1388106000000000E+000
5.3058068138968025E+001	1.1393126000000000E+000
5.3142908599509504E+001	1.1398176000000000E+000
5.3227754258131107E+001	1.1403293999999999E+000
5.3312605609658462E+001	1.1408520000000000E+000
5.3397463102672674E+001	1.1413876000000001E+000
5.3482327134934032E+001	1.1419382000000000E+000
5.3567198050077245E+001	1.1425060000000000E+000
5.3652076134458106E+001	1.1430950000000000E+000
5.3736957731333618E+001	1.1437066000000000E+000
5.3821825218487824E+001	1.1443440000000000E+000
5.3906676284613887E+001	1.1450013999999999E+000
5.3991510834117236E+001	1.1456801999999999E+000
5.4076328837503191E+001	1.1463844000000001E+000
5.4161130329275437E+001	1.1471136000000000E+000
5.4245915406849683E+001	1.1478672000000001E+000
5.4330684232477722E+001	1.1486462000000000E+000
5.4415437034256250E+001	1.1494476000000000E+000
5.4500174104962483E+001	1.1502657999999999E+000
5.4584895804966841E+001	1.1510992000000000E+000
5.4669602563561654E+001	1.1519489999999999E+000
5.4754294874779809E+001	1.1528118000000001E+000
5.4838973294620168E+001	1.1536834000000000E+000
5.4923638440356569E+001	1.1545588000000000E+000
5.5008290990344939E+001	1.1554340000000001E+000
5.5092931682542321E+001	1.1563068000000001E+000
5.5177561310679039E+001	1.1571746000000001E+000
5.5262180719552788E+001	1.1580310000000000E+000
5.5346790802850435E+001	1.1588730000000000E+000
5.5431392501845750E+001	1.1596983999999999E+000
5.5515986799999034E+001	1.1605038000000001E+000
5.5600574717603941E+001	1.1612861999999999E+000
5.5685157307328097E+001	1.1620446000000000E+000
5.5769735648231531E+001	1.1627774000000000E+000
5.5854310840637282E+001	1.1634850000000001E+000
5.5938884001812305E+001	1.1641646000000001E+000
5.6023456259354710E+001	1.1648153999999999E+000
5.6108028740014440E+001	1.1654366000000000E+000
5.6192602565932788E+001	1.1660324000000000E+000
5.6277178846599213E+001	1.1666042000000001E+000
5.6361758671320743E+001	1.1671583999999999E+000
5.6446343102617547E+001	1.1676945999999999E+000
5.6530933165880867E+001	1.1682178000000001E+000
5.6615529845077390E+001	1.1687338000000000E+000
5.6700134074419800E+001	1.1692476000000001E+000
5.6784746727842169E+001	1.1697607999999999E+000
5.6869368612424260E+001	1.1702760000000001E+000
5.6954000464177021E+001	1.1708010000000000E+000
5.7038642942137479E+001	1.1713418000000000E+000
5.7123296620131065E+001	1.1719040000000001E+000
5.7207961980639077E+001	1.1724922000000000E+000
5.7292635749398265E+001	1.1731088000000001E+000
5.7377292257080931E+001	1.1737557999999999E+000
5.7461926367295042E+001	1.1744414000000001E+000
5.7546538032524921E+001	1.1751632000000001E+000
5.7631127305654374E+001	1.1759166000000001E+000
5.7715694347462822E+001	1.1767076000000001E+000
5.7800239427205803E+001	1.1775363999999999E+000
5.7884762917219220E+001	1.1784019999999999E+000
5.7969265291114368E+001	1.1793047999999999E+000
5.8053747123011739E+001	1.1802408000000000E+000
5.8138209084060932E+001	1.1811997999999999E+000
5.8222651942856849E+001	1.1821763999999999E+000
5.8307076568002728E+001	1.1831668000000000E+000
5.8391483923959647E+001	1.1841649999999999E+000
5.8475875064742745E+001	1.1851672000000000E+000
5.8560251126817079E+001	1.1861640000000000E+000
5.8644613324791010E+001	1.1871480000000001E+000
5.8728962948431914E+001	1.1881128000000001E+000
5.8813301356322121E+001	1.1890536000000000E+000
5.8897629967196188E+001	1.1899616000000000E+000
5.8981950253273617E+001	1.1908327999999999E+000
5.9066263734793118E+001	1.1916654000000000E+000
5.9150571969546910E+001	1.1924542000000000E+000
5.9234876545427788E+001	1.1931925999999999E+000
5.9319179078309951E+001	1.1938797999999999E+000
5.9403481195747219E+001	1.1945188000000000E+000
5.9487784519355422E+001	1.1951107999999999E+000
5.9572090657896460E+001	1.1956515999999999E+000
5.9656401200794690E+001	1.1961424000000001E+000
5.9740717711349433E+001	1.1965880000000000E+000
5.9825041712865257E+001	1.1969926000000000E+000
5.9909374678594915E+001	1.1973658000000000E+000
5.9993718020505831E+001	1.1977177999999999E+000
6.0078073074056455E+001	1.1980518000000000E+000
6.0162441089399508E+001	1.1983820000000001E+000
6.0246823223378556E+001	1.1987180000000000E+000
6.0331220523049645E+001	1.1990608000000000E+000
6.0415633918382376E+001	1.1994157999999999E+000
6.0500064218423375E+001	1.1997941999999999E+000
6.0584512102447214E+001	1.2002078000000000E+000
6.0668978110916626E+001	1.2006638000000001E+000
6.0753442023372870E+001	1.2011684000000000E+000
6.0837878364351248E+001	1.2017272000000001E+000
6.0922287097337772E+001	1.2023470000000001E+000
6.1006668407443520E+001	1.2030327999999999E+000
6.1091022625461179E+001	1.2037762000000001E+000
6.1175350227878674E+001	1.2045794000000001E+000
6.1259651841005166E+001	1.2054430000000000E+000
6.1343928232127325E+001	1.2063640000000000E+000
6.1428180302679756E+001	1.2073373999999999E+000
6.1512409083517014E+001	1.2083580000000000E+000
6.1596615727573074E+001	1.2094098000000000E+000
6.1680801505562648E+001	1.2104804000000000E+000
6.1764967807488347E+001	1.2115596000000000E+000
6.1849116135515757E+001	1.2126370000000000E+000
6.1933248095070148E+001	1.2137001999999999E+000
6.2017365384187485E+001	1.2147368000000001E+000
6.2101469788123694E+001	1.2157351999999999E+000
6.2185563171281025E+001	1.2166863999999999E+000
6.2269647466476506E+001	1.2175822000000001E+000
6.2353724661045412E+001	1.2184120000000001E+000
6.2437796787867988E+001	1.2191719999999999E+000
6.2521865921840288E+001	1.2198561999999999E+000
6.2605934155067125E+001	1.2204580000000000E+000
6.2690003583292942E+001	1.2209762000000000E+000
6.2774076298443461E+001	1.2214156000000000E+000
6.2858154371476481E+001	1.2217800000000001E+000
6.2942239838988037E+001	1.2220674000000000E+000
6.3026334691347955E+001	1.2222847999999999E+000
6.3110440862352391E+001	1.2224416000000000E+000
6.3194560207120794E+001	1.2225462000000000E+000
6.3278694497956337E+001	1.2226142000000000E+000
6.3362845409359259E+001	1.2226592000000001E+000
6.3447014497762261E+001	1.2226885999999999E+000
6.3531203190050604E+001	1.2227201999999999E+000
6.3615412774772693E+001	1.2227724000000000E+000
6.3699644383610895E+001	1.2228512000000000E+000
6.3783898982051646E+001	1.2229677999999999E+000
6.3868177362625886E+001	1.2231377999999999E+000
6.3952478826968225E+001	1.2233731999999999E+000
6.4036765804094472E+001	1.2236842000000001E+000
6.4121020884845805E+001	1.2240797999999999E+000
6.4205244271577996E+001	1.2245640000000000E+000
6.4289436353945504E+001	1.2251462000000000E+000
6.4373597708449537E+001	1.2258237999999999E+000
6.4457729089465857E+001	1.2265866000000001E+000
6.4541831428706715E+001	1.2274350000000001E+000
6.4625905832284786E+001	1.2283668000000001E+000
6.4709953566988602E+001	1.2293714000000000E+000
6.4793976048873176E+001	1.2304402000000001E+000
6.4877974835059064E+001	1.2315545999999999E+000
6.4961951612758781E+001	1.2326902000000000E+000
6.5045908196983959E+001	1.2338309999999999E+000
6.5129846525489228E+001	1.2349619999999999E+000
6.5213768645718048E+001	1.2360656000000001E+000
6.5297676702438224E+001	1.2371221999999999E+000
6.5381572927948994E+001	1.2381164000000000E+000
6.5465459631620533E+001	1.2390353999999999E+000
6.5549339188282246E+001	1.2398688000000000E+000
6.5633214030498991E+001	1.2406050000000000E+000
6.5717086624478128E+001	1.2412380000000001E+000
6.5800959447448022E+001	1.2417621999999999E+000
6.5884834972763471E+001	1.2421717999999999E+000
6.5968715662686918E+001	1.2424690000000000E+000
6.6052603960540381E+001	1.2426584000000001E+000
6.6136502266398878E+001	1.2427452000000001E+000
6.6220412921625652E+001	1.2427319999999999E+000
6.6304338195577458E+001	1.2426379999999999E+000
6.6388280268985199E+001	1.2424793999999999E+000
6.6472241210683165E+001	1.2422690000000001E+000
6.6556222964100613E+001	1.2420275999999999E+000
6.6640227332798460E+001	1.2417710000000000E+000
6.6724255961537466E+001	1.2415153999999999E+000
6.6808310325948369E+001	1.2412854000000000E+000
6.6892391717830563E+001	1.2410990000000000E+000
6.6976501226933095E+001	1.2409673999999999E+000
6.7060639733364695E+001	1.2409066000000000E+000
6.7144807653505779E+001	1.2409332000000000E+000
6.7228967458801407E+001	1.2410606000000000E+000
6.7313092013915082E+001	1.2413000000000001E+000
6.7397181670988289E+001	1.2416592000000000E+000
6.7481237003810548E+001	1.2421384000000000E+000
6.7565258802760866E+001	1.2427446000000000E+000
6.7649248067944072E+001	1.2434658000000001E+000
6.7733205996577482E+001	1.2442899999999999E+000
6.7817133981919255E+001	1.2452162000000000E+000
6.7901033600776074E+001	1.2462317999999999E+000
6.7984906595483324E+001	1.2473209999999999E+000
6.8068754861047850E+001	1.2484662000000000E+000
6.8152580433071492E+001	1.2496368000000000E+000
6.8236385475788637E+001	1.2508087999999999E+000
6.8320172277780173E+001	1.2519620000000000E+000
6.8403943240171955E+001	1.2530741999999999E+000
6.8487700861657743E+001	1.2541202000000000E+000
6.8571447725952439E+001	1.2550798000000001E+000
6.8655186490603072E+001	1.2559378000000001E+000
6.8738919875527017E+001	1.2566830000000000E+000
6.8822650638143656E+001	1.2573052000000000E+000
6.8906381556730977E+001	1.2577988000000000E+000
6.8990115414501460E+001	1.2581595999999999E+000
6.9073854982407980E+001	1.2583854000000001E+000
6.9157603001541062E+001	1.2584762000000000E+000
6.9241362168947632E+001	1.2584392000000000E+000
6.9325135117100729E+001	1.2582814000000000E+000
6.9408924397355818E+001	1.2580115999999999E+000
6.9492732465167492E+001	1.2576546000000000E+000
6.9576561660863049E+001	1.2572344000000000E+000
6.9660414184371405E+001	1.2567674000000000E+000
6.9744292079802776E+001	1.2562800000000001E+000
6.9828197220809386E+001	1.2557912000000000E+000
6.9912131290576994E+001	1.2553232000000001E+000
6.9996095771803880E+001	1.2549040000000000E+000
7.0080091929139883E+001	1.2545530000000000E+000
7.0164120791823578E+001	1.2542835999999999E+000
7.0248183146966838E+001	1.2541123999999999E+000
7.0332256240623849E+001	1.2540562000000000E+000
7.0416292726498867E+001	1.2541283999999999E+000
7.0500291564029311E+001	1.2543382000000001E+000
7.0584253373818044E+001	1.2546910000000000E+000
7.0668179022745690E+001	1.2551846000000000E+000
7.0752069614508329E+001	1.2558225999999999E+000
7.0835926478073461E+001	1.2565868000000000E+000
7.0919751152280924E+001	1.2574642000000000E+000
7.1003545381931730E+001	1.2584480000000000E+000
7.1087311100654986E+001	1.2595190000000001E+000
7.1171050410525169E+001	1.2606550000000001E+000
7.1254765568119581E+001	1.2618320000000001E+000
7.1338458968204861E+001	1.2630144000000001E+000
7.1422133130512805E+001	1.2641754000000001E+000
7.1505790694231038E+001	1.2652912000000001E+000
7.1589434403023859E+001	1.2663354000000000E+000
7.1673067081525730E+001	1.2672820000000000E+000
7.1756691628647260E+001	1.2681112000000001E+000
7.1840311020211729E+001	1.2688102000000001E+000
7.1923928265668522E+001	1.2693676000000000E+000
7.2007546390344231E+001	1.2697757999999999E+000
7.2091168419136849E+001	1.2700342000000000E+000
7.2174797357321822E+001	1.2701427999999999E+000
7.2258436173533326E+001	1.2701000000000000E+000
7.2342087780736847E+001	1.2699149999999999E+000
7.2425755020175700E+001	1.2695954000000000E+000
7.2509440639971729E+001	1.2691551999999999E+000
7.2593147278274827E+001	1.2686134000000000E+000
7.2676877446752059E+001	1.2680035999999999E+000
7.2760633504453963E+001	1.2673478000000000E+000
7.2844417636538111E+001	1.2666713999999999E+000
7.2928231841822893E+001	1.2660016000000001E+000
7.3012077911643061E+001	1.2653618000000000E+000
7.3095957416399344E+001	1.2647812000000000E+000
7.3179871692431448E+001	1.2642856000000000E+000
7.3263821816920469E+001	1.2638900000000000E+000
7.3347808598916373E+001	1.2636094000000000E+000
7.3431815790599543E+001	1.2634616000000001E+000
7.3515787553525186E+001	1.2634574000000001E+000
7.3599719802509298E+001	1.2636086000000000E+000
7.3683613245529813E+001	1.2639178000000000E+000
7.3767468857456478E+001	1.2643822000000000E+000
7.3851287868545171E+001	1.2650024000000000E+000
7.3935071753079583E+001	1.2657658000000001E+000
7.4018822209341877E+001	1.2666485999999999E+000
7.4102541150929738E+001	1.2676428000000000E+000
7.4186230693631600E+001	1.2687282000000000E+000
7.4269893131711299E+001	1.2698788000000001E+000
7.4353530919449867E+001	1.2710691999999999E+000
7.4437146654638099E+001	1.2722612000000000E+000
7.4520743061334528E+001	1.2734217999999999E+000
7.4604322982510553E+001	1.2745228000000000E+000
7.4687889356856914E+001	1.2755376000000000E+000
7.4771445215582801E+001	1.2764386000000001E+000
7.4854993679367851E+001	1.2772037999999999E+000
7.4938537920183563E+001	1.2778191999999999E+000
7.5022081134125045E+001	1.2782758000000001E+000
7.5105626529127989E+001	1.2785662000000000E+000
7.5189177305583698E+001	1.2786911999999999E+000
7.5272736634898507E+001	1.2786530000000000E+000
7.5356307640371654E+001	1.2784527999999999E+000
7.5439893378603884E+001	1.2781001999999999E+000
7.5523496824233391E+001	1.2776073999999999E+000
7.5607120846064618E+001	1.2769915999999999E+000
7.5690768188071630E+001	1.2762743999999999E+000
7.5774441452181492E+001	1.2754916000000001E+000
7.5858143072814428E+001	1.2746702000000001E+000
7.5941875293709046E+001	1.2738373999999999E+000
7.6025640153557944E+001	1.2730248000000000E+000
7.6109439468798598E+001	1.2722574000000000E+000
7.6193274816665834E+001	1.2715666000000001E+000
7.6277147517121406E+001	1.2709798000000001E+000
7.6361058614078161E+001	1.2705128000000001E+000
7.6445008865379435E+001	1.2701800000000001E+000
7.6528959663544583E+001	1.2699980000000000E+000
7.6612869180232067E+001	1.2699762000000001E+000
7.6696737951442387E+001	1.2701244000000000E+000
7.6780566815594923E+001	1.2704428000000001E+000
7.6864356890472578E+001	1.2709272000000000E+000
7.6948109560099979E+001	1.2715746000000001E+000
7.7031826461627702E+001	1.2723709999999999E+000
7.7115509463397871E+001	1.2732896000000000E+000
7.7199160653878494E+001	1.2743186000000000E+000
7.7282782327376680E+001	1.2754357999999999E+000
7.7366376959004270E+001	1.2766114000000000E+000
7.7449947185181614E+001	1.2778176000000001E+000
7.7533495787805364E+001	1.2790128000000001E+000
7.7617025665118405E+001	1.2801610000000001E+000
7.7700539820464300E+001	1.2812319999999999E+000
7.7784041367528289E+001	1.2821975999999999E+000
7.7867533515734621E+001	1.2830306000000000E+000
7.7951019550109066E+001	1.2837099999999999E+000
7.8034502787650268E+001	1.2842232000000000E+000
7.8117986566685119E+001	1.2845626000000001E+000
7.8201474228456334E+001	1.2847226000000000E+000
7.8284969095755898E+001	1.2847066000000000E+000
7.8368474451198864E+001	1.2845190000000000E+000
7.8451993517252689E+001	1.2841625999999999E+000
7.8535529437848879E+001	1.2836506000000001E+000
7.8619085261884905E+001	1.2829978000000000E+000
7.8702663918183489E+001	1.2822260000000001E+000
7.8786268195887104E+001	1.2813616000000001E+000
7.8869900726285394E+001	1.2804424000000001E+000
7.8953563955784233E+001	1.2794966000000001E+000
7.9037260124529155E+001	1.2785556000000000E+000
7.9120991254168885E+001	1.2776514000000001E+000
7.9204759124693325E+001	1.2768120000000001E+000
7.9288565257360517E+001	1.2760700000000000E+000
7.9372410899825681E+001	1.2754509999999999E+000
7.9456297006956348E+001	1.2749699999999999E+000
7.9540221930740927E+001	1.2746416000000000E+000
7.9624128975418628E+001	1.2744797999999999E+000
7.9707993910394165E+001	1.2744934000000001E+000
7.9791817436945593E+001	1.2746872000000000E+000
7.9875600550874694E+001	1.2750606000000000E+000
7.9959344533251596E+001	1.2756048000000000E+000
8.0043050934793555E+001	1.2763165999999999E+000
8.0126721561220393E+001	1.2771732000000000E+000
8.0210358449622035E+001	1.2781502000000000E+000
8.0293963859809452E+001	1.2792310000000000E+000
8.0377540258730107E+001	1.2803903999999999E+000
8.0461090286619438E+001	1.2815958000000001E+000
8.0544616736700974E+001	1.2828155999999999E+000
8.0628122528858270E+001	1.2840050000000001E+000
8.0711610699125885E+001	1.2851277999999999E+000
8.0795084406580315E+001	1.2861533999999999E+000
8.0878546911624937E+001	1.2870524000000001E+000
8.0962001565297015E+001	1.2877996000000000E+000
8.1045451765194059E+001	1.2883758000000001E+000
8.1128900935111659E+001	1.2887734000000000E+000
8.1212352512354428E+001	1.2889839999999999E+000
8.1295809926033158E+001	1.2890064000000001E+000
8.1379276574150026E+001	1.2888458000000000E+000
8.1462755800913357E+001	1.2885088000000000E+000
8.1546250876812962E+001	1.2880000000000000E+000
8.1629764982036491E+001	1.2873376000000001E+000
8.1713301186394119E+001	1.2865394000000001E+000
8.1796862424895082E+001	1.2856316000000001E+000
8.1880451478083984E+001	1.2846460000000000E+000
8.1964070951828674E+001	1.2836202000000001E+000
8.2047723249954643E+001	1.2825835999999999E+000
8.2131410558654721E+001	1.2815723999999999E+000
8.2215134827088477E+001	1.2806154000000001E+000
8.2298897744818603E+001	1.2797448000000000E+000
8.2382700729785014E+001	1.2789934000000001E+000
8.2466544909798614E+001	1.2783819999999999E+000
8.2550431105885124E+001	1.2779246000000000E+000
8.2634332694237969E+001	1.2776358000000001E+000
8.2718192973782422E+001	1.2775259999999999E+000
8.2802010695237414E+001	1.2776034000000001E+000
8.2885786735644274E+001	1.2778670000000001E+000
8.2969522269097254E+001	1.2783150000000001E+000
8.3053218755495152E+001	1.2789356000000001E+000
8.3136877923529013E+001	1.2797225999999999E+000
8.3220501752471904E+001	1.2806438000000000E+000
8.3304092451562596E+001	1.2816806000000001E+000
8.3387652453468220E+001	1.2828109999999999E+000
8.3471184381008442E+001	1.2840050000000001E+000
8.3554691022478153E+001	1.2852300000000001E+000
8.3638175308015022E+001	1.2864469999999999E+000
8.3721640285485051E+001	1.2876118000000001E+000
8.3805089130348534E+001	1.2886880000000001E+000
8.3888525128683852E+001	1.2896472000000001E+000
8.3971951666088330E+001	1.2904598000000000E+000
8.4055372193299078E+001	1.2911041999999999E+000
8.4138790192860228E+001	1.2915648000000000E+000
8.4222209167883349E+001	1.2918369999999999E+000
8.4305632622309929E+001	1.2919141999999999E+000
8.4389064037316317E+001	1.2917993999999999E+000
8.4472506849117892E+001	1.2914994000000000E+000
8.4555964427115214E+001	1.2910210000000000E+000
8.4639440054293232E+001	1.2903750000000000E+000
8.4722936911667617E+001	1.2895816000000000E+000
8.4806458053139778E+001	1.2886648000000001E+000
8.4890006383243758E+001	1.2876521999999999E+000
8.4973584637409516E+001	1.2865818000000000E+000
8.5057195358119870E+001	1.2854886000000001E+000
8.5140840872561526E+001	1.2844050000000000E+000
8.5224523275366067E+001	1.2833676000000001E+000
8.5308244404524189E+001	1.2824047999999999E+000
8.5392005826951788E+001	1.2815512000000000E+000
8.5475808823504678E+001	1.2808360000000001E+000
8.5559654369022425E+001	1.2802751999999999E+000
8.5643541114833923E+001	1.2798826000000001E+000
8.5727411030148829E+001	1.2796714000000000E+000
8.5811237591247021E+001	1.2796486000000000E+000
8.5895021552769691E+001	1.2798194000000001E+000
8.5978763976867967E+001	1.2801800000000001E+000
8.6062466222205600E+001	1.2807226000000000E+000
8.6146129928403397E+001	1.2814386000000000E+000
8.6229757000407275E+001	1.2823092000000000E+000
8.6313349588703616E+001	1.2833034000000001E+000
8.6396910068124967E+001	1.2844021999999999E+000
8.6480441018803305E+001	1.2855808000000000E+000
8.6563945201878354E+001	1.2868029999999999E+000
8.6647425530372089E+001	1.2880366000000001E+000
8.6730885045929384E+001	1.2892353999999999E+000
8.6814326921164223E+001	1.2903576000000001E+000
8.6897754445516199E+001	1.2913706000000000E+000
8.6981171012411195E+001	1.2922450000000001E+000
8.7064580099012872E+001	1.2929548000000000E+000
8.7147985221559566E+001	1.2934812000000000E+000
8.7231389922165846E+001	1.2938162000000000E+000
8.7314797753155162E+001	1.2939532000000000E+000
8.7398212253733405E+001	1.2938913999999999E+000
8.7481636926566253E+001	1.2936372000000000E+000
8.7565075214373437E+001	1.2931994000000000E+000
8.7648530479892372E+001	1.2925840000000000E+000
8.7732005987414411E+001	1.2918102000000000E+000
8.7815504883943191E+001	1.2908991999999999E+000
8.7899030172867796E+001	1.2898799999999999E+000
8.7982584693022474E+001	1.2887843999999999E+000
8.8066171099116360E+001	1.2876525999999999E+000
8.8149791836138434E+001	1.2865172000000000E+000
8.8233449121041829E+001	1.2854152000000001E+000
8.8317144919350241E+001	1.2843780000000000E+000
8.8400880927651016E+001	1.2834390000000000E+000
8.8484658560057284E+001	1.2826316000000000E+000
8.8568478929433894E+001	1.2819772000000000E+000
8.8652342831174280E+001	1.2814896000000000E+000
8.8736216229148795E+001	1.2811825999999999E+000
8.8820046255041504E+001	1.2810653999999999E+000
8.8903832948987457E+001	1.2811448000000001E+000
8.8987577263036385E+001	1.2814182000000001E+000
8.9071280453336584E+001	1.2818824000000000E+000
8.9154944068463678E+001	1.2825236000000000E+000
8.9238569930498088E+001	1.2833342000000001E+000
8.9322160119836724E+001	1.2842804000000001E+000
8.9405716951447900E+001	1.2853408000000000E+000
8.9489242955779403E+001	1.2864926000000001E+000
8.9572740856767012E+001	1.2877035999999999E+000
8.9656213544354074E+001	1.2889398000000001E+000
8.9739664042886432E+001	1.2901606000000001E+000
8.9823095508773051E+001	1.2913192000000000E+000
8.9906511221799448E+001	1.2923780000000000E+000
8.9989914569794564E+001	1.2933079999999999E+000
9.0073309038939399E+001	1.2940798000000000E+000
9.0156698166889271E+001	1.2946730000000000E+000
9.0240085521841763E+001	1.2950729999999999E+000
9.0323474689045042E+001	1.2952754000000000E+000
9.0406869249121158E+001	1.2952754000000000E+000
9.0490272754450686E+001	1.2950774000000000E+000
9.0573688705325154E+001	1.2946896000000001E+000
9.0657120528702421E+001	1.2941199999999999E+000
9.0740571557938168E+001	1.2933813999999999E+000
9.0824045016934818E+001	1.2924960000000001E+000
9.0907543994279848E+001	1.2914905999999999E+000
9.0991071420591965E+001	1.2903944000000001E+000
9.1074630048524867E+001	1.2892470000000000E+000
9.1158222429467529E+001	1.2880844000000000E+000
9.1241850891942704E+001	1.2869413999999999E+000
9.1325517518735595E+001	1.2858546000000000E+000
9.1409224127552292E+001	1.2848539999999999E+000
9.1492972256483569E+001	1.2839752000000000E+000
9.1576763147653381E+001	1.2832458000000000E+000
9.1660597727615567E+001	1.2826814000000000E+000
9.1744470035724419E+001	1.2822954000000000E+000
9.1828314870255511E+001	1.2820992000000000E+000
9.1912115858732363E+001	1.2820993999999999E+000
9.1995873838754150E+001	1.2822986000000001E+000
9.2079589959154248E+001	1.2826922000000001E+000
9.2163265668600403E+001	1.2832694000000000E+000
9.2246902699308606E+001	1.2840220000000000E+000
9.2330503055155120E+001	1.2849261999999999E+000
9.2414068977997488E+001	1.2859518000000001E+000
9.2497602932387039E+001	1.2870778000000000E+000
9.2581107589459904E+001	1.2882772000000000E+000
9.2664585798390803E+001	1.2895129999999999E+000
9.2748040551001068E+001	1.2907506000000000E+000
9.2831474978560607E+001	1.2919418000000000E+000
9.2914892339283526E+001	1.2930444000000001E+000
9.2998296003446129E+001	1.2940266000000000E+000
9.3081689446593828E+001	1.2948588000000001E+000
9.3165076213166643E+001	1.2955162000000000E+000
9.3248459882382690E+001	1.2959818000000001E+000
9.3331844056154523E+001	1.2962492000000001E+000
9.3415232341168903E+001	1.2963119999999999E+000
9.3498628324235753E+001	1.2961718000000000E+000
9.3582035548741104E+001	1.2958365999999999E+000
9.3665457491366027E+001	1.2953159999999999E+000
9.3748897541864650E+001	1.2946176000000000E+000
9.3832358985177876E+001	1.2937634000000000E+000
9.3915844980469288E+001	1.2927766000000001E+000
9.3999358535176398E+001	1.2916878000000001E+000
9.4082902484225770E+001	1.2905312000000000E+000
9.4166479469631099E+001	1.2893475999999999E+000
9.4250091916840290E+001	1.2881705999999999E+000
9.4333742011846439E+001	1.2870382000000000E+000
9.4417431680898090E+001	1.2859814000000001E+000
9.4501162573935957E+001	1.2850353999999999E+000
9.4584936050263508E+001	1.2842325999999999E+000
9.4668753158771892E+001	1.2835920000000001E+000
9.4752614129642382E+001	1.2831272000000000E+000
9.4836466226295471E+001	1.2828508000000001E+000
9.4920274042103841E+001	1.2827706000000001E+000
9.5004038302706505E+001	1.2828922000000000E+000
9.5087760052154792E+001	1.2832102000000001E+000
9.5171440639829569E+001	1.2837202000000001E+000
9.5255081707271543E+001	1.2844076000000000E+000
9.5338685171778266E+001	1.2852614000000000E+000
9.5422253206735917E+001	1.2862454000000001E+000
9.5505788211466196E+001	1.2873386000000000E+000
9.5589292800486689E+001	1.2885169999999999E+000
9.5672769778779227E+001	1.2897453999999999E+000
9.5756222106798191E+001	1.2909892000000001E+000
9.5839652881976662E+001	1.2922047999999999E+000
9.5923065335596064E+001	1.2933450000000000E+000
9.6006462816017816E+001	1.2943738000000000E+000
9.6089848779296730E+001	1.2952623999999999E+000
9.6173226769491890E+001	1.2959828000000000E+000
9.6256600371616329E+001	1.2965158000000001E+000
9.6339973198799242E+001	1.2968497999999999E+000
9.6423348875780022E+001	1.2969805999999999E+000
9.6506731015701817E+001	1.2969052000000001E+000
9.6590123196418190E+001	1.2966306000000001E+000
9.6673528936778155E+001	1.2961658000000000E+000
9.6756951675175060E+001	1.2955190000000001E+000
9.6840394750034790E+001	1.2947063999999999E+000
9.6923861382921629E+001	1.2937516000000000E+000
9.7007354651396170E+001	1.2926842000000001E+000
9.7090877467226576E+001	1.2915348000000000E+000
9.7174432556508037E+001	1.2903450000000001E+000
9.7258022436386625E+001	1.2891500000000000E+000
9.7341649391882299E+001	1.2879866000000000E+000
9.7425315453498243E+001	1.2868898000000000E+000
9.7509022379815079E+001	1.2858916000000000E+000
9.7592771642973872E+001	1.2850276000000000E+000
9.7676564410643934E+001	1.2843216000000000E+000
9.7760401527635025E+001	1.2837883999999999E+000
9.7844265042307455E+001	1.2834410000000001E+000
9.7928089770177124E+001	1.2832889999999999E+000
9.8011870548999426E+001	1.2833386000000000E+000
9.8095608313602071E+001	1.2835884000000000E+000
9.8179304309229565E+001	1.2840342000000000E+000
9.8262960080414544E+001	1.2846618000000001E+000
9.8346577456255162E+001	1.2854638000000000E+000
9.8430158529725389E+001	1.2864085999999999E+000
9.8513705625429182E+001	1.2874702000000000E+000
9.8597221290729124E+001	1.2886260000000000E+000
9.8680708274355069E+001	1.2898453999999999E+000
9.8764169492123031E+001	1.2910915999999999E+000
9.8847608001150164E+001	1.2923262000000000E+000
9.8931026999279098E+001	1.2935002000000000E+000
9.9014429805026566E+001	1.2945732000000001E+000
9.9097819846310244E+001	1.2955152000000001E+000
9.9181200652257075E+001	1.2962963999999999E+000
9.9264575804920014E+001	1.2968949999999999E+000
9.9347948918253991E+001	1.2972952000000000E+000
9.9431323624116246E+001	1.2974930000000000E+000
9.9514703552058876E+001	1.2974825999999999E+000
9.9598092304206801E+001	1.2972686000000000E+000
9.9681493431685041E+001	1.2968598000000000E+000
9.9764910412097748E+001	1.2962655999999999E+000
9.9848346629054220E+001	1.2954972000000000E+000
9.9931805355595102E+001	1.2945777999999999E+000
1.0001528972963898E+002	1.2935340000000000E+000
1.0009880272978683E+002	1.2923963999999999E+000
1.0018234715489490E+002	1.2912028000000000E+000
1.0026592560268806E+002	1.2899924000000000E+000
1.0034954044658862E+002	1.2888004000000000E+000
1.0043319381132071E+002	1.2876646000000000E+000
1.0051688755533408E+002	1.2866156000000000E+000
1.0060062325453086E+002	1.2856896000000000E+000
1.0068440218686757E+002	1.2849162000000001E+000
1.0076822531249476E+002	1.2843119999999999E+000
1.0085208655679411E+002	1.2838900000000000E+000
1.0093591995815764E+002	1.2836622000000000E+000
1.0101970905666337E+002	1.2836344000000000E+000
1.0110345467940306E+002	1.2838103999999999E+000
1.0118715796987166E+002	1.2841836000000000E+000
1.0127082037564989E+002	1.2847455999999999E+000
1.0135444363273594E+002	1.2854850000000000E+000
1.0143802975275304E+002	1.2863822000000000E+000
1.0152158099096840E+002	1.2874036000000000E+000
1.0160509982734793E+002	1.2885274000000000E+000
1.0168858895215354E+002	1.2897278000000001E+000
1.0177205123797086E+002	1.2909670000000000E+000
1.0185548970235025E+002	1.2922104000000001E+000
1.0193890750385629E+002	1.2934098000000001E+000
1.0202230792891733E+002	1.2945210000000000E+000
1.0210569437673563E+002	1.2955108000000000E+000
1.0218907035343757E+002	1.2963492000000001E+000
1.0227243943653052E+002	1.2970109999999999E+000
1.0235580523875979E+002	1.2974786000000000E+000
1.0243917139666844E+002	1.2977445999999999E+000
1.0252254155160782E+002	1.2978031999999999E+000
1.0260591932564583E+002	1.2976554000000000E+000
1.0268930829793527E+002	1.2973094000000001E+000
1.0277271198119870E+002	1.2967750000000000E+000
1.0285613380081162E+002	1.2960604000000000E+000
1.0293957707645721E+002	1.2951866000000001E+000
1.0302304500244145E+002	1.2941776000000000E+000
1.0310654062104962E+002	1.2930645999999999E+000
1.0319006680130326E+002	1.2918812000000000E+000
1.0327362621917635E+002	1.2906692000000000E+000
1.0335722133382605E+002	1.2894627999999999E+000
1.0344085436328632E+002	1.2883009999999999E+000
1.0352452726432375E+002	1.2872154000000000E+000
1.0360824171590774E+002	1.2862410000000000E+000
1.0369199910437840E+002	1.2854114000000001E+000
1.0377580050378141E+002	1.2847466000000001E+000
1.0385964666093028E+002	1.2842602000000001E+000
1.0394349819054055E+002	1.2839647999999999E+000
1.0402730534640256E+002	1.2838684000000000E+000
1.0411106868126330E+002	1.2839760000000000E+000
1.0419478923187755E+002	1.2842830000000001E+000
1.0427846834294581E+002	1.2847850000000001E+000
1.0436210765563504E+002	1.2854658000000001E+000
1.0444570909279139E+002	1.2863161999999999E+000
1.0452927482976213E+002	1.2872994000000000E+000
1.0461280727087896E+002	1.2883936000000000E+000
1.0469630903911703E+002	1.2895740000000000E+000
1.0477978295071112E+002	1.2908062000000000E+000
1.0486323197645969E+002	1.2920548000000001E+000
1.0494665923117348E+002	1.2932766000000000E+000
1.0503006796400805E+002	1.2944233999999999E+000
1.0511346154033500E+002	1.2954580000000000E+000
1.0519684343375083E+002	1.2963514000000000E+000
1.0528021720757803E+002	1.2970746000000000E+000
1.0536358646678846E+002	1.2976087999999999E+000
1.0544695484458370E+002	1.2979411999999999E+000
1.0553032598631948E+002	1.2980680000000000E+000
1.0561370352694119E+002	1.2979860000000001E+000
1.0569709106627701E+002	1.2977018000000000E+000
1.0578049214529049E+002	1.2972254000000001E+000
1.0586391022475721E+002	1.2965648000000001E+000
1.0594734866481102E+002	1.2957360000000000E+000
1.0603081070854542E+002	1.2947630000000001E+000
1.0611429945479979E+002	1.2936756000000000E+000
1.0619781783572726E+002	1.2925044000000001E+000
1.0628136859696708E+002	1.2912906000000000E+000
1.0636495427498831E+002	1.2900708000000001E+000
1.0644857717341331E+002	1.2888822000000000E+000
1.0653223934023032E+002	1.2877600000000000E+000
1.0661594255082370E+002	1.2867367999999999E+000
1.0669968829280037E+002	1.2858482000000000E+000
1.0678347774869400E+002	1.2851192000000000E+000
1.0686731177747470E+002	1.2845650000000000E+000
1.0695116903578651E+002	1.2841980000000000E+000
1.0703498569129091E+002	1.2840288000000000E+000
1.0711875818812921E+002	1.2840624000000000E+000
1.0720248745786928E+002	1.2842986000000001E+000
1.0728617474484685E+002	1.2847322000000001E+000
1.0736982159466770E+002	1.2853496000000000E+000
1.0745342983693932E+002	1.2861426000000000E+000
1.0753700157112486E+002	1.2870817999999999E+000
1.0762053913030338E+002	1.2881385999999999E+000
1.0770404507045215E+002	1.2892906000000000E+000
1.0778752215035323E+002	1.2905082000000001E+000
1.0787097329985588E+002	1.2917533999999999E+000
1.0795440158831984E+002	1.2929889999999999E+000
1.0803781022539198E+002	1.2941647999999999E+000
1.0812120254272378E+002	1.2952399999999999E+000
1.0820458198161366E+002	1.2961840000000000E+000
1.0828795208566315E+002	1.2969668000000001E+000
1.0837131645317841E+002	1.2975664000000000E+000
1.0845467871416446E+002	1.2979664000000000E+000
1.0853804251692938E+002	1.2981632000000001E+000
1.0862141150698727E+002	1.2981507999999999E+000
1.0870478930274504E+002	1.2979331999999999E+000
1.0878817947184875E+002	1.2975197999999999E+000
1.0887158550834405E+002	1.2969202000000000E+000
1.0895501081190997E+002	1.2961448000000000E+000
1.0903845867140733E+002	1.2952176000000000E+000
1.0912193224076501E+002	1.2941650000000000E+000
1.0920543451460780E+002	1.2930176000000000E+000
1.0928896830741780E+002	1.2918133999999999E+000
1.0937253623281086E+002	1.2905920000000000E+000
1.0945614067957489E+002	1.2893884000000000E+000
1.0953978378749919E+002	1.2882414000000000E+000
1.0962346742898676E+002	1.2871812000000000E+000
1.0970719319339184E+002	1.2862444000000000E+000
1.0979096237107591E+002	1.2854610000000000E+000
1.0987477593329477E+002	1.2848478000000001E+000
1.0995863150633359E+002	1.2844182000000000E+000
1.1004246701201654E+002	1.2841836000000000E+000
1.1012625811903966E+002	1.2841502000000000E+000
1.1021000564927972E+002	1.2843216000000000E+000
1.1029371074225834E+002	1.2846911999999999E+000
1.1037737484262642E+002	1.2852513999999999E+000
1.1046099968730957E+002	1.2859891999999999E+000
1.1054458728873627E+002	1.2868864000000000E+000
1.1062813990119693E+002	1.2879084000000001E+000
1.1071166000607161E+002	1.2890336000000000E+000
1.1079515029670027E+002	1.2902359999999999E+000
1.1087861364915811E+002	1.2914774000000000E+000
1.1096205308479864E+002	1.2927234000000001E+000
1.1104547177006779E+002	1.2939262000000000E+000
1.1112887299846824E+002	1.2950404000000000E+000
1.1121226017596709E+002	1.2960324000000001E+000
1.1129563681556928E+002	1.2968724000000000E+000
1.1137900650301752E+002	1.2975350000000001E+000
1.1146237285939286E+002	1.2980023999999999E+000
1.1154573952918099E+002	1.2982666000000000E+000
1.1162911016253132E+002	1.2983222000000001E+000
1.1171248839075380E+002	1.2981700000000000E+000
1.1179587780227257E+002	1.2978183999999999E+000
1.1187928191897292E+002	1.2972774000000000E+000
1.1196270417573757E+002	1.2965552000000000E+000
1.1204614790124369E+002	1.2956723999999999E+000
1.1212961629885733E+002	1.2946536000000000E+000
1.1221311241957619E+002	1.2935302000000000E+000
1.1229663914052541E+002	1.2923351999999999E+000
1.1238019914530551E+002	1.2911108000000000E+000
1.1246379490047558E+002	1.2898917999999999E+000
1.1254742863115575E+002	1.2887169999999999E+000
1.1263110230093021E+002	1.2876182000000000E+000
1.1271481759491348E+002	1.2866312000000000E+000
1.1279857590517003E+002	1.2857892000000000E+000
1.1288237831156565E+002	1.2851128000000001E+000
1.1296622554796743E+002	1.2846156000000000E+000
1.1305007109526390E+002	1.2843104000000001E+000
1.1313387199937600E+002	1.2842050000000000E+000
1.1321762897429315E+002	1.2843047999999999E+000
1.1330134305679907E+002	1.2846046000000000E+000
1.1338501559266898E+002	1.2850999999999999E+000
1.1346864822428257E+002	1.2857753999999999E+000
1.1355224287470872E+002	1.2866210000000000E+000
1.1363580172580318E+002	1.2876008000000001E+000
1.1371932718740992E+002	1.2886919999999999E+000
1.1380282188801185E+002	1.2898700000000001E+000
1.1388628865023097E+002	1.2911007999999999E+000
1.1396973045448819E+002	1.2923484000000001E+000
1.1405315042063943E+002	1.2935702000000000E+000
1.1413655180386392E+002	1.2947173999999999E+000
1.1421993797645021E+002	1.2957524000000000E+000
1.1430331241870275E+002	1.2966464000000000E+000
1.1438667870206507E+002	1.2973702000000000E+000
1.1447004044004026E+002	1.2979046000000001E+000
1.1455340127432946E+002	1.2982368000000000E+000
1.1463676485870904E+002	1.2983633999999999E+000
1.1472013483604752E+002	1.2982806000000000E+000
1.1480351481427284E+002	1.2979954000000000E+000
1.1488690834263184E+002	1.2975171999999999E+000
1.1497031888983690E+002	1.2968546000000001E+000
1.1505374982382281E+002	1.2960236000000001E+000
1.1513720439547409E+002	1.2950478000000001E+000
1.1522068571147213E+002	1.2939571999999999E+000
1.1530419671199193E+002	1.2927827999999999E+000
1.1538774015055843E+002	1.2915656000000000E+000
1.1547131857171118E+002	1.2903422000000000E+000
1.1555493428677025E+002	1.2891500000000000E+000
1.1563858935133663E+002	1.2880246000000000E+000
1.1572228554772100E+002	1.2869984000000001E+000
1.1580602437018490E+002	1.2861068000000000E+000
1.1588980700711619E+002	1.2853756000000001E+000
1.1597363432232332E+002	1.2848193999999999E+000
1.1605749131976539E+002	1.2844511999999999E+000
1.1614131125855612E+002	1.2842811999999999E+000
1.1622508700646226E+002	1.2843146000000001E+000
1.1630881949262820E+002	1.2845510000000000E+000
1.1639250995939328E+002	1.2849854000000001E+000
1.1647615995100944E+002	1.2856040000000000E+000
1.1655977129945643E+002	1.2863986000000001E+000
1.1664334610252676E+002	1.2873394000000000E+000
1.1672688669206265E+002	1.2883983999999999E+000
1.1681039562425089E+002	1.2895528000000001E+000
1.1689387565902605E+002	1.2907725999999999E+000
1.1697732972589172E+002	1.2920199999999999E+000
1.1706076089632973E+002	1.2932577999999999E+000
1.1714417238384320E+002	1.2944355999999999E+000
1.1722756752296132E+002	1.2955124000000000E+000
1.1731094975764439E+002	1.2964576000000001E+000
1.1739432263434028E+002	1.2972408000000000E+000
1.1747768975463704E+002	1.2978402000000000E+000
1.1756105475173959E+002	1.2982392000000000E+000
1.1764442127678615E+002	1.2984342000000000E+000
1.1772779297908065E+002	1.2984188000000001E+000
1.1781117348080934E+002	1.2981980000000000E+000
1.1789456635332002E+002	1.2977802000000001E+000
1.1797797509430684E+002	1.2971758000000000E+000
1.1806140310732212E+002	1.2963952000000001E+000
1.1814485368471804E+002	1.2954619999999999E+000
1.1822832998389052E+002	1.2944028000000001E+000
1.1831183500247799E+002	1.2932488000000000E+000
1.1839537155758866E+002	1.2920372000000000E+000
1.1847894226498886E+002	1.2908080000000000E+000
1.1856254951563757E+002	1.2895968000000000E+000
1.1864619545103697E+002	1.2884418000000000E+000
1.1872988194546402E+002	1.2873737999999999E+000
1.1881361058950455E+002	1.2864294000000001E+000
1.1889738267477614E+002	1.2856388000000001E+000
1.1898119917410655E+002	1.2850189999999999E+000
1.1906505517130627E+002	1.2845827999999999E+000
1.1914888526311644E+002	1.2843424000000001E+000
1.1923267089406394E+002	1.2843038000000000E+000
1.1931641288719428E+002	1.2844704000000000E+000
1.1940011238393092E+002	1.2848356000000001E+000
1.1948377083133967E+002	1.2853914000000000E+000
1.1956738996697985E+002	1.2861254000000000E+000
1.1965097180568402E+002	1.2870196000000000E+000
1.1973451860765742E+002	1.2880389999999999E+000
1.1981803285866619E+002	1.2891618000000000E+000
1.1990151725627754E+002	1.2903620000000000E+000
1.1998497468209565E+002	1.2916019999999999E+000
1.2006840816378394E+002	1.2928468000000000E+000
1.2015182087015340E+002	1.2940486000000000E+000
1.2023521609850992E+002	1.2951622000000000E+000
1.2031859725907410E+002	1.2961536000000000E+000
1.2040196786897641E+002	1.2969934000000001E+000
1.2048533151902853E+002	1.2976555999999999E+000
1.2056869183516203E+002	1.2981225999999999E+000
1.2065205246698318E+002	1.2983864000000001E+000
1.2073541706913164E+002	1.2984418000000000E+000
1.2081878927714864E+002	1.2982891999999999E+000
1.2090217268374259E+002	1.2979372000000000E+000
1.2098557081517416E+002	1.2973958000000001E+000
1.2106898711021636E+002	1.2966730000000000E+000
1.2115242490149406E+002	1.2957898000000001E+000
1.2123588739627822E+002	1.2947704000000000E+000
1.2131937764953588E+002	1.2936464000000001E+000
1.2140289854253197E+002	1.2924510000000000E+000
1.2148645276306651E+002	1.2912262000000001E+000
1.2157004278186152E+002	1.2900072000000000E+000
1.2165367082805918E+002	1.2888322000000001E+000
1.2173733886891284E+002	1.2877339999999999E+000
1.2182104859307681E+002	1.2867474000000001E+000
1.2190480139577932E+002	1.2859062000000001E+000
1.2198859835928462E+002	1.2852306000000000E+000
1.2207244023756918E+002	1.2847350000000000E+000
1.2215628931959479E+002	1.2844313999999999E+000
1.2224009405884266E+002	1.2843275999999999E+000
1.2232385486930792E+002	1.2844290000000000E+000
1.2240757278663007E+002	1.2847310000000001E+000
1.2249124915550625E+002	1.2852290000000000E+000
1.2257488561837501E+002	1.2859065999999999E+000
1.2265848410040488E+002	1.2867548000000000E+000
1.2274204678059762E+002	1.2877369999999999E+000
1.2282557606761695E+002	1.2888306000000000E+000
1.2290907458956323E+002	1.2900110000000000E+000
1.2299254516889891E+002	1.2912437999999999E+000
1.2307599078373237E+002	1.2924932000000000E+000
1.2315941455588701E+002	1.2937166000000000E+000
1.2324281974215359E+002	1.2948648000000000E+000
1.2332620971569696E+002	1.2959006000000000E+000
1.2340958795762803E+002	1.2967945999999999E+000
1.2349295804012993E+002	1.2975179999999999E+000
1.2357632357746623E+002	1.2980518000000001E+000
1.2365968821188747E+002	1.2983823999999999E+000
1.2374305559772638E+002	1.2985068000000000E+000
1.2382642937908868E+002	1.2984214000000001E+000
1.2390981316496573E+002	1.2981330000000000E+000
1.2399321050547651E+002	1.2976512000000000E+000
1.2407662487038399E+002	1.2969847999999999E+000
1.2416005962857975E+002	1.2961494000000000E+000
1.2424351803170890E+002	1.2951694000000000E+000
1.2432700318703851E+002	1.2940739999999999E+000
1.2441051803483234E+002	1.2928948000000000E+000
1.2449406532842532E+002	1.2916722000000000E+000
1.2457764761173352E+002	1.2904438000000000E+000
1.2466126719555999E+002	1.2892462000000000E+000
1.2474492613457508E+002	1.2881156000000000E+000
1.2482862621032901E+002	1.2870839999999999E+000
1.2491236891593539E+002	1.2861876000000001E+000
1.2499615543888859E+002	1.2854516000000000E+000
1.2507998664248527E+002	1.2848910000000000E+000
1.2516384188849459E+002	1.2845186000000000E+000
1.2524765680401605E+002	1.2843446000000001E+000
1.2533142748908062E+002	1.2843743999999999E+000
1.2541515487509868E+002	1.2846076000000000E+000
1.2549884020705687E+002	1.2850386000000000E+000
1.2558248503194048E+002	1.2856542000000000E+000
1.2566609118150879E+002	1.2864460000000000E+000
1.2574966075814361E+002	1.2873844000000001E+000
1.2583319609847531E+002	1.2884412000000001E+000
1.2591669976240449E+002	1.2895934000000000E+000
1.2600017451324912E+002	1.2908112000000000E+000
1.2608362328617058E+002	1.2920571999999999E+000
1.2616704915587844E+002	1.2932934000000000E+000
1.2625045533745131E+002	1.2944701999999999E+000
1.2633384516817667E+002	1.2955458000000000E+000
1.2641722209491118E+002	1.2964902000000000E+000
1.2650058966706506E+002	1.2972728000000000E+000
1.2658395148955294E+002	1.2978714000000000E+000
1.2666731119869867E+002	1.2982700000000000E+000
1.2675067244902398E+002	1.2984646000000000E+000
1.2683403889228116E+002	1.2984494000000000E+000
1.2691741415307885E+002	1.2982286000000001E+000
1.2700080180519450E+002	1.2978111999999999E+000
1.2708420534866021E+002	1.2972071999999999E+000
1.2716762818898233E+002	1.2964270000000000E+000
1.2725107362057243E+002	1.2954946000000001E+000
1.2733454480281023E+002	1.2944362000000000E+000
1.2741804473551242E+002	1.2932832000000001E+000
1.2750157623801647E+002	1.2920727999999999E+000
1.2758514192855026E+002	1.2908451999999999E+000
1.2766874420024526E+002	1.2896358000000001E+000
1.2775238519691077E+002	1.2884827999999999E+000
1.2783606679455377E+002	1.2874171999999999E+000
1.2791979058567109E+002	1.2864751999999999E+000
1.2800355786330513E+002	1.2856871999999999E+000
1.2808736960095047E+002	1.2850699999999999E+000
1.2817122354395272E+002	1.2846367999999999E+000
1.2825505776044832E+002	1.2843994000000001E+000
1.2833884753132514E+002	1.2843636000000000E+000
1.2842259367910069E+002	1.2845332000000000E+000
1.2850629734448799E+002	1.2849016000000000E+000
1.2858995997377346E+002	1.2854608000000001E+000
1.2867358330604611E+002	1.2861980000000000E+000
1.2875716935629254E+002	1.2870950000000001E+000
1.2884072038182700E+002	1.2881172000000001E+000
1.2892423886725362E+002	1.2892425999999999E+000
1.2900772750945569E+002	1.2904452000000000E+000
1.2909118918846542E+002	1.2916871999999999E+000
1.2917462692973362E+002	1.2929336000000000E+000
1.2925804390373685E+002	1.2941366000000001E+000
1.2934144340815948E+002	1.2952509999999999E+000
1.2942482885314021E+002	1.2962426000000000E+000
1.2950820375574395E+002	1.2970822000000000E+000
1.2959157170631983E+002	1.2977437999999999E+000
1.2967493633041616E+002	1.2982098000000000E+000
1.2975830127682937E+002	1.2984720000000001E+000
1.2984167019992606E+002	1.2985252000000000E+000
1.2992504673518872E+002	1.2983701999999999E+000
1.3000843447509652E+002	1.2980153999999999E+000
1.3009183694545794E+002	1.2974707999999999E+000
1.3017525758491180E+002	1.2967447999999999E+000
1.3025869972565835E+002	1.2958582000000001E+000
1.3034216657442548E+002	1.2948352000000001E+000
1.3042566118535638E+002	1.2937074000000000E+000
1.3050918643844651E+002	1.2925082000000001E+000
1.3059274501991032E+002	1.2912794000000001E+000
1.3067633939866971E+002	1.2900564000000001E+000
1.3075997180196521E+002	1.2888776000000000E+000
1.3084364419514256E+002	1.2877752000000000E+000
1.3092735826475382E+002	1.2867848000000000E+000
1.3101111540391656E+002	1.2859400000000001E+000
1.3109491669320005E+002	1.2852610000000000E+000
1.3117876286823699E+002	1.2847620000000000E+000
1.3126260743608344E+002	1.2844552000000000E+000
1.3134640733053052E+002	1.2843486000000000E+000
1.3143016326682351E+002	1.2844476000000000E+000
1.3151387628334652E+002	1.2847468000000000E+000
1.3159754772776037E+002	1.2852420000000000E+000
1.3168117924462342E+002	1.2859172000000001E+000
1.3176477275944569E+002	1.2867632000000000E+000
1.3184833045673116E+002	1.2877434000000001E+000
1.3193185474911445E+002	1.2888348000000001E+000
1.3201534826800349E+002	1.2900132000000000E+000
1.3209881383909752E+002	1.2912442000000000E+000
1.3218225444603672E+002	1.2924922000000001E+000
1.3226567321181130E+002	1.2937140000000000E+000
1.3234907339477869E+002	1.2948610000000000E+000
1.3243245837039103E+002	1.2958955999999999E+000
1.3251583162200768E+002	1.2967888000000001E+000
1.3259919672427137E+002	1.2975114000000001E+000
1.3268255729386686E+002	1.2980444000000000E+000
1.3276591697550614E+002	1.2983747999999999E+000
1.3284927942586049E+002	1.2984992000000000E+000
1.3293264829057796E+002	1.2984140000000000E+000
1.3301602718023233E+002	1.2981259999999999E+000
1.3309941964656301E+002	1.2976449999999999E+000
1.3318282916060338E+002	1.2969796000000000E+000
1.3326625909242591E+002	1.2961452000000000E+000
1.3334971269485305E+002	1.2951664000000001E+000
1.3343319307630384E+002	1.2940726000000000E+000
1.3351670317846128E+002	1.2928949999999999E+000
1.3360024575610538E+002	1.2916748000000000E+000
1.3368382335481104E+002	1.2904488000000001E+000
1.3376743828667941E+002	1.2892539999999999E+000
1.3385109260783707E+002	1.2881262000000000E+000
1.3393478810083667E+002	1.2870978000000000E+000
1.3401852625989963E+002	1.2862047999999999E+000
1.3410230827306944E+002	1.2854722000000001E+000
1.3418613500352251E+002	1.2849151999999999E+000
1.3426999132222352E+002	1.2845464000000000E+000
1.3435381048189396E+002	1.2843760000000000E+000
1.3443758543284528E+002	1.2844092000000000E+000
1.3452131710612326E+002	1.2846458000000001E+000
1.3460500674614121E+002	1.2850805999999999E+000
1.3468865589938676E+002	1.2856996000000001E+000
1.3477226640023332E+002	1.2864945999999999E+000
1.3485584034889382E+002	1.2874361999999999E+000
1.3493938007971670E+002	1.2884958000000000E+000
1.3502288815144109E+002	1.2896506000000001E+000
1.3510636732658330E+002	1.2908708000000000E+000
1.3518982053721984E+002	1.2921183999999999E+000
1.3527325085736922E+002	1.2933562000000001E+000
1.3535666150304655E+002	1.2945338000000000E+000
1.3544005581125197E+002	1.2956099999999999E+000
1.3552343722835016E+002	1.2965542000000001E+000
1.3560680930313390E+002	1.2973364000000001E+000
1.3569017563948134E+002	1.2979342000000000E+000
1.3577353987274418E+002	1.2983316000000000E+000
1.3585690565606512E+002	1.2985245999999999E+000
1.3594027664061133E+002	1.2985072000000000E+000
1.3602365645028152E+002	1.2982838000000001E+000
1.3610704865796663E+002	1.2978638000000000E+000
1.3619045676273433E+002	1.2972568000000000E+000
1.3627388416933320E+002	1.2964735999999999E+000
1.3635733417112806E+002	1.2955380000000001E+000
1.3644080992631655E+002	1.2944764000000000E+000
1.3652431443312844E+002	1.2933200000000000E+000
1.3660785050903587E+002	1.2921064000000000E+000
1.3669142076994990E+002	1.2908751999999999E+000
1.3677502760674605E+002	1.2896624000000001E+000
1.3685867316060725E+002	1.2885059999999999E+000
1.3694235930525528E+002	1.2874369999999999E+000
1.3702608763049389E+002	1.2864916000000000E+000
1.3710985942690138E+002	1.2857006000000000E+000
1.3719367566602281E+002	1.2850805999999999E+000
1.3727753129038433E+002	1.2846446000000000E+000
1.3736136075299558E+002	1.2844043999999999E+000
1.3744514574373761E+002	1.2843663999999999E+000
1.3752888708780270E+002	1.2845336000000001E+000
1.3761258592884442E+002	1.2848995999999999E+000
1.3769624371623752E+002	1.2854563999999999E+000
1.3777986218990296E+002	1.2861912000000000E+000
1.3786344336708240E+002	1.2870862000000001E+000
1.3794698951028218E+002	1.2881062000000001E+000
1.3803050310760418E+002	1.2892296000000001E+000
1.3811398685891206E+002	1.2904304000000000E+000
1.3819744364801946E+002	1.2916706000000000E+000
1.3828087650469124E+002	1.2929154000000000E+000
1.3836428859984534E+002	1.2941170000000000E+000
1.3844768323280971E+002	1.2952300000000001E+000
1.3853106381575532E+002	1.2962206000000001E+000
1.3861443386770020E+002	1.2970592000000001E+000
1.3869779698115363E+002	1.2977198000000001E+000
1.3878115678361968E+002	1.2981852000000000E+000
1.3886451692614074E+002	1.2984472000000000E+000
1.3894788106463946E+002	1.2985008000000000E+000
1.3903125283576915E+002	1.2983461999999999E+000
1.3911463583317288E+002	1.2979920000000000E+000
1.3919803358386883E+002	1.2974483999999999E+000
1.3928144952720982E+002	1.2967236000000000E+000
1.3936488699624030E+002	1.2958381999999999E+000
1.3944834919843484E+002	1.2948168000000000E+000
1.3953183918876073E+002	1.2936909999999999E+000
1.3961535984827515E+002	1.2924940000000000E+000
1.3969891386435970E+002	1.2912680000000001E+000
1.3978250370710472E+002	1.2900478000000000E+000
1.3986613160478612E+002	1.2888720000000000E+000
1.3994979952358921E+002	1.2877732000000000E+000
1.4003350915090309E+002	1.2867864000000000E+000
1.4011726188047999E+002	1.2859453999999999E+000
1.4020105879287581E+002	1.2852702000000000E+000
1.4028490064018862E+002	1.2847750000000000E+000
1.4036874922466879E+002	1.2844720000000001E+000
1.4045255341943840E+002	1.2843692000000000E+000
1.4053631368103586E+002	1.2844717999999999E+000
1.4062003104746739E+002	1.2847748000000001E+000
1.4070370686581902E+002	1.2852737999999999E+000
1.4078734278093606E+002	1.2859525999999999E+000
1.4087094072036490E+002	1.2868016000000000E+000
1.4095450286532184E+002	1.2877848000000001E+000
1.4103803162668538E+002	1.2888792000000000E+000
1.4112152963470436E+002	1.2900600000000000E+000
1.4120499971385635E+002	1.2912931999999999E+000
1.4128844484406903E+002	1.2925428000000001E+000
1.4137186814902270E+002	1.2937658000000001E+000
1.4145527288723750E+002	1.2949136000000001E+000
1.4153866243352348E+002	1.2959483999999999E+000
1.4162204027059843E+002	1.2968413999999999E+000
1.4170540997201212E+002	1.2975634000000000E+000
1.4178877515321446E+002	1.2980954000000000E+000
1.4187213945752220E+002	1.2984244000000000E+000
1.4195550654018592E+002	1.2985469999999999E+000
1.4203888004604372E+002	1.2984595999999999E+000
1.4212226358463613E+002	1.2981692000000000E+000
1.4220566070644449E+002	1.2976854000000000E+000
1.4228907488142175E+002	1.2970172000000000E+000
1.4237250947848295E+002	1.2961800000000001E+000
1.4245596774910979E+002	1.2951980000000001E+000
1.4253945280018723E+002	1.2941014000000000E+000
1.4262296757139708E+002	1.2929206000000000E+000
1.4270651481530075E+002	1.2916972000000000E+000
1.4279009707483218E+002	1.2904678000000001E+000
1.4287371665958420E+002	1.2892699999999999E+000
1.4295737562282667E+002	1.2881389999999999E+000
1.4304107574452365E+002	1.2871075999999999E+000
1.4312481851603076E+002	1.2862115999999999E+000
1.4320860512287183E+002	1.2854762000000000E+000
1.4329243642620537E+002	1.2849166000000001E+000
1.4337629137289485E+002	1.2845451999999999E+000
1.4346010580045129E+002	1.2843724000000001E+000
1.4354387599607452E+002	1.2844034000000000E+000
1.4362760289366025E+002	1.2846375999999999E+000
1.4371128774064968E+002	1.2850699999999999E+000
1.4379493208645511E+002	1.2856867999999999E+000
1.4387853776523170E+002	1.2864798000000000E+000
1.4396210688161108E+002	1.2874192000000000E+000
1.4404564177432587E+002	1.2884768000000000E+000
1.4412914500534532E+002	1.2896296000000000E+000
1.4421261933991090E+002	1.2908480000000000E+000
1.4429606771486488E+002	1.2920940000000001E+000
1.4437949320653757E+002	1.2933302000000000E+000
1.4446289903157694E+002	1.2945063999999999E+000
1.4454628852872179E+002	1.2955812000000000E+000
1.4462966514621465E+002	1.2965244000000000E+000
1.4471303243470373E+002	1.2973056000000001E+000
1.4479639400002512E+002	1.2979026000000000E+000
1.4487975347932877E+002	1.2982996000000000E+000
1.4496311452781683E+002	1.2984924000000000E+000
1.4504648079773690E+002	1.2984754000000001E+000
1.4512985591400505E+002	1.2982528000000000E+000
1.4521324345051266E+002	1.2978334000000000E+000
1.4529664690723004E+002	1.2972276000000000E+000
1.4538006968942557E+002	1.2964458000000001E+000
1.4546351509112384E+002	1.2955116000000000E+000
1.4554698627108135E+002	1.2944519999999999E+000
1.4563048622830092E+002	1.2932977999999999E+000
1.4571401778112397E+002	1.2920866000000000E+000
1.4579758354657471E+002	1.2908584000000001E+000
1.4588118591636774E+002	1.2896487999999999E+000
1.4596482703269604E+002	1.2884958000000000E+000
1.4604850876977758E+002	1.2874304000000001E+000
1.4613223271816761E+002	1.2864890000000000E+000
1.4621600016877574E+002	1.2857018000000000E+000
1.4629981209278336E+002	1.2850858000000001E+000
1.4638366606574638E+002	1.2846538000000001E+000
1.4646749983072397E+002	1.2844176000000000E+000
1.4655128915032401E+002	1.2843831999999999E+000
1.4663503484963374E+002	1.2845542000000001E+000
1.4671873807187751E+002	1.2849240000000000E+000
1.4680240026581774E+002	1.2854844000000001E+000
1.4688602317296113E+002	1.2862229999999999E+000
1.4696960881054571E+002	1.2871210000000000E+000
1.4705315943794994E+002	1.2881440000000000E+000
1.4713667754181162E+002	1.2892702000000000E+000
1.4722016582089438E+002	1.2904734000000000E+000
1.4730362715686135E+002	1.2917156000000001E+000
1.4738706457664713E+002	1.2929618000000000E+000
1.4747048125219933E+002	1.2941644000000001E+000
1.4755388048252260E+002	1.2952779999999999E+000
1.4763726567898993E+002	1.2962686000000001E+000
1.4772064035984434E+002	1.2971070000000000E+000
1.4780400811622243E+002	1.2977669999999999E+000
1.4788737257433897E+002	1.2982312000000000E+000
1.4797073738352432E+002	1.2984916000000000E+000
1.4805410619850861E+002	1.2985431999999999E+000
1.4813748265493695E+002	1.2983864000000001E+000
1.4822087034525765E+002	1.2980296000000000E+000
1.4830427279506287E+002	1.2974834000000000E+000
1.4838769344259768E+002	1.2967557999999999E+000
1.4847113561953194E+002	1.2958676000000000E+000
1.4855460253183475E+002	1.2948432000000001E+000
1.4863809723269569E+002	1.2937144000000000E+000
1.4872162260097159E+002	1.2925144000000000E+000
1.4880518132154546E+002	1.2912851999999999E+000
1.4888877586180888E+002	1.2900620000000000E+000
1.4897240844725349E+002	1.2888831999999999E+000
1.4905608104131753E+002	1.2877814000000001E+000
1.4913979532849166E+002	1.2867915999999999E+000
1.4922355269967326E+002	1.2859478000000000E+000
1.4930735423302477E+002	1.2852699999999999E+000
1.4939120064594292E+002	1.2847720000000000E+000
1.4947504478513670E+002	1.2844667999999999E+000
1.4955884425201401E+002	1.2843616000000000E+000
1.4964259976446135E+002	1.2844620000000000E+000
1.4972631236343832E+002	1.2847628000000000E+000
1.4980998339911994E+002	1.2852593999999999E+000
1.4989361451847029E+002	1.2859360000000000E+000
1.4997720764935792E+002	1.2867831999999999E+000
1.5000000000000000E+002	1.2877642000000000E+000

 
