1.3000661797478602E-001	1.6322094000000000E+000
2.5435793284205788E-001	9.2220399999999998E+000
3.7764412603631792E-001	4.3940279999999996E+000
5.0096041438516015E-001	1.9199619999999999E+000
6.2529971603613155E-001	9.5650299999999999E-001
7.5079478639980401E-001	8.1069740000000001E-001
8.7703704144720851E-001	9.8271779999999997E-001
1.0038448943767064E+000	1.1844296000000001E+000
1.1310576290217254E+000	1.3058430000000001E+000
1.2585658815432585E+000	1.3563677999999999E+000
1.3863172869913800E+000	1.4002170000000000E+000
1.5142922653481661E+000	1.3988670000000001E+000
1.6424793872355004E+000	1.4037375999999999E+000
1.7708716092467751E+000	1.3935945999999999E+000
1.8994492650725296E+000	1.4044208000000000E+000
2.0282176105487268E+000	1.3823296000000000E+000
2.1571635007863756E+000	1.3845286000000001E+000
2.2862672439797933E+000	1.3853051999999999E+000
2.4155388994098366E+000	1.3637394000000000E+000
2.5449684470973093E+000	1.3583904000000000E+000
2.6745351589940856E+000	1.3611671999999999E+000
2.8042389305138133E+000	1.3486212000000000E+000
2.9340836824240615E+000	1.3322366000000001E+000
3.0640593405511618E+000	1.3275672000000001E+000
3.1941498293904216E+000	1.3270611999999999E+000
3.3243331527608806E+000	1.3188046000000000E+000
3.4546074311195625E+000	1.3052596000000001E+000
3.5849720875779880E+000	1.2958284000000000E+000
3.7154199454591006E+000	1.2927990000000000E+000
3.8459438286009915E+000	1.2899980000000000E+000
3.9765414236167063E+000	1.2827075999999999E+000
4.1072138173049897E+000	1.2728908000000001E+000
4.2379607432977346E+000	1.2647345999999999E+000
4.3687783690033370E+000	1.2601068000000000E+000
4.4996617092380271E+000	1.2570163999999999E+000
4.6306072550380737E+000	1.2526644000000000E+000
4.7616137340061861E+000	1.2464516000000001E+000
4.8926810833181484E+000	1.2396450000000001E+000
5.0238084901666014E+000	1.2338020000000001E+000
5.1549936319584315E+000	1.2294874000000000E+000
5.2862335937085936E+000	1.2259776000000000E+000
5.4175259415279173E+000	1.2222226000000000E+000
5.5488690918776680E+000	1.2178186000000000E+000
5.6802621099018076E+000	1.2130696000000001E+000
5.8117041709391986E+000	1.2085231999999999E+000
5.9431940208876552E+000	1.2045585999999999E+000
6.0747298982131674E+000	1.2011592000000000E+000
6.2063099850848413E+000	1.1979384000000000E+000
6.3379329343168642E+000	1.1944580000000000E+000
6.4695980409912330E+000	1.1905652000000000E+000
6.6013050020140849E+000	1.1864680000000001E+000
6.7330534722274535E+000	1.1825581999999999E+000
6.8648426523709691E+000	1.1791807999999999E+000
6.9966710587614935E+000	1.1764988000000001E+000
7.1285365497936573E+000	1.1744574000000001E+000
7.2604366064809449E+000	1.1728141999999999E+000
7.3923687587511679E+000	1.1712313999999999E+000
7.5243309862927195E+000	1.1694016000000000E+000
7.6563219529985309E+000	1.1671511999999999E+000
7.7883409293651988E+000	1.1644730000000001E+000
7.9203875967280375E+000	1.1614878000000000E+000
8.0524622246945121E+000	1.1583741999999999E+000
8.1845651720923165E+000	1.1553054000000000E+000
8.3166966718070903E+000	1.1524160000000001E+000
8.4488567014128382E+000	1.1497864000000000E+000
8.5810449350142548E+000	1.1474404000000000E+000
8.7132607698914200E+000	1.1453500000000001E+000
8.8455034055149913E+000	1.1434540000000000E+000
8.9777719434596843E+000	1.1416790000000001E+000
9.1100654799356189E+000	1.1399592000000001E+000
9.2423831754643029E+000	1.1382454000000000E+000
9.3747242972299993E+000	1.1365084000000001E+000
9.5070880897707220E+000	1.1347351999999999E+000
9.6394737715864363E+000	1.1329290000000001E+000
9.7718808887268267E+000	1.1311089999999999E+000
9.9043090396289895E+000	1.1293108000000001E+000
1.0036757809634498E+001	1.1275814000000000E+000
1.0169226708710056E+001	1.1259706000000000E+000
1.0301715123699905E+001	1.1245172000000001E+000
1.0434222300467445E+001	1.1232362000000000E+000
1.0566747365793251E+001	1.1221102000000001E+000
1.0699289390054686E+001	1.1210880000000001E+000
1.0831847481843770E+001	1.1200920000000001E+000
1.0964420896399634E+001	1.1190325999999999E+000
1.1097009134563502E+001	1.1178262000000001E+000
1.1229612008804393E+001	1.1164162000000000E+000
1.1362229658110458E+001	1.1147857999999999E+000
1.1494862505047280E+001	1.1129636000000001E+000
1.1627511161159060E+001	1.1110194000000000E+000
1.1760176298517807E+001	1.1090488000000001E+000
1.1892858512490841E+001	1.1071538000000001E+000
1.2025558202242392E+001	1.1054234000000001E+000
1.2158275490043284E+001	1.1039167999999999E+000
1.2291010191176611E+001	1.1026558000000000E+000
1.2423761835103676E+001	1.1016242000000001E+000
1.2556529728601603E+001	1.1007769999999999E+000
1.2689313044761148E+001	1.1000504000000000E+000
1.2822110919402357E+001	1.0993766000000000E+000
1.2954922538143405E+001	1.0986956000000001E+000
1.3087747201877010E+001	1.0979622000000000E+000
1.3220584364399981E+001	1.0971512000000001E+000
1.3353433641803237E+001	1.0962566000000000E+000
1.3486294798072915E+001	1.0952880000000000E+000
1.3619167477791956E+001	1.0942655999999999E+000
1.3752051013632924E+001	1.0932147999999999E+000
1.3884945353532098E+001	1.0921605999999999E+000
1.4017850485194979E+001	1.0911240000000000E+000
1.4150766381878631E+001	1.0901200000000000E+000
1.4283692988684024E+001	1.0891568000000000E+000
1.4416630217020900E+001	1.0882364000000000E+000
1.4549577945692924E+001	1.0873560000000000E+000
1.4682536026430796E+001	1.0865100000000001E+000
1.4815504291543682E+001	1.0856920000000001E+000
1.4948482561834838E+001	1.0848949999999999E+000
1.5081470536653176E+001	1.0841141999999999E+000
1.5214467544644361E+001	1.0833455999999999E+000
1.5347473383865870E+001	1.0825870000000000E+000
1.5480487922806022E+001	1.0818372000000001E+000
1.5613511042123820E+001	1.0810960000000001E+000
1.5746542633626062E+001	1.0803634000000000E+000
1.5879582598794649E+001	1.0796398000000000E+000
1.6012630847096212E+001	1.0789256000000000E+000
1.6145687294138121E+001	1.0782212000000000E+000
1.6278751859662382E+001	1.0775276000000000E+000
1.6411824465423486E+001	1.0768454000000001E+000
1.6544905033005051E+001	1.0761760000000000E+000
1.6677993481780604E+001	1.0755200000000000E+000
1.6811089727295592E+001	1.0748780000000000E+000
1.6944193680365970E+001	1.0742502000000000E+000
1.7077305246965071E+001	1.0736353999999999E+000
1.7210424329003853E+001	1.0730322000000001E+000
1.7343550825911450E+001	1.0724385999999999E+000
1.7476684636508082E+001	1.0718525999999999E+000
1.7609825660895211E+001	1.0712720000000000E+000
1.7742973801785030E+001	1.0706958000000000E+000
1.7876128891317514E+001	1.0701233999999999E+000
1.8009290236549976E+001	1.0695555999999999E+000
1.8142457580183244E+001	1.0689940000000000E+000
1.8275630795568354E+001	1.0684408000000001E+000
1.8408809761461761E+001	1.0678980000000000E+000
1.8541994360124622E+001	1.0673682000000000E+000
1.8675184475887953E+001	1.0668526000000000E+000
1.8808379994497432E+001	1.0663522000000001E+000
1.8941580803342877E+001	1.0658666000000001E+000
1.9074786792524215E+001	1.0653950000000001E+000
1.9207997856557274E+001	1.0649360000000001E+000
1.9341213896442447E+001	1.0644878000000000E+000
1.9474434821717416E+001	1.0640486000000000E+000
1.9607660552269795E+001	1.0636167999999999E+000
1.9740891019638831E+001	1.0631910000000000E+000
1.9874126167660478E+001	1.0627705999999999E+000
2.0007365952490272E+001	1.0623549999999999E+000
2.0140610342036425E+001	1.0619444000000000E+000
2.0273859314921513E+001	1.0615391999999999E+000
2.0407112859161781E+001	1.0611394000000001E+000
2.0540370970710875E+001	1.0607454000000001E+000
2.0673633652008224E+001	1.0603578000000000E+000
2.0806900910673249E+001	1.0599764000000000E+000
2.0940172758386435E+001	1.0596010000000000E+000
2.1073449210013088E+001	1.0592314000000000E+000
2.1206730282924667E+001	1.0588668000000001E+000
2.1340015996475302E+001	1.0585066000000001E+000
2.1473306371570779E+001	1.0581499999999999E+000
2.1606601430204272E+001	1.0577962000000001E+000
2.1739901194869837E+001	1.0574448000000001E+000
2.1873205687801192E+001	1.0570952000000000E+000
2.2006514929970283E+001	1.0567476000000000E+000
2.2139828939852862E+001	1.0564022000000000E+000
2.2273147732016081E+001	1.0560592000000000E+000
2.2406471315608890E+001	1.0557196000000000E+000
2.2539799692907547E+001	1.0553836000000001E+000
2.2673132858032446E+001	1.0550520000000001E+000
2.2806470727520669E+001	1.0547249999999999E+000
2.2939812379425643E+001	1.0544028000000001E+000
2.3073157518317363E+001	1.0540848000000000E+000
2.3206506132488578E+001	1.0537704000000001E+000
2.3339858214629484E+001	1.0534589999999999E+000
2.3473213762606370E+001	1.0531492000000000E+000
2.3606572780204786E+001	1.0528404000000000E+000
2.3739935277701157E+001	1.0525316000000000E+000
2.3873301272143873E+001	1.0522222000000001E+000
2.4006670787253572E+001	1.0519122000000001E+000
2.4140043852904654E+001	1.0516014000000000E+000
2.4273420504263516E+001	1.0512904000000001E+000
2.4406800780621673E+001	1.0509800000000000E+000
2.4540184724016097E+001	1.0506708000000000E+000
2.4673572377786691E+001	1.0503636000000001E+000
2.4806963785186390E+001	1.0500592000000000E+000
2.4940358988122338E+001	1.0497582000000001E+000
2.5073758026096261E+001	1.0494610000000000E+000
2.5207160935377676E+001	1.0491680000000001E+000
2.5340567748353546E+001	1.0488788000000000E+000
2.5473978493132314E+001	1.0485936000000000E+000
2.5607393193244473E+001	1.0483122000000000E+000
2.5740811867428828E+001	1.0480342000000000E+000
2.5874234529467188E+001	1.0477592000000000E+000
2.6007661187985693E+001	1.0474872000000000E+000
2.6141091846225223E+001	1.0472182000000001E+000
2.6274526501754391E+001	1.0469518000000000E+000
2.6407964652530481E+001	1.0466880000000001E+000
2.6541405174660998E+001	1.0464270000000000E+000
2.6674847960564843E+001	1.0461688000000000E+000
2.6808292948901119E+001	1.0459137999999999E+000
2.6941740087579024E+001	1.0456616000000001E+000
2.7075189334002193E+001	1.0454125999999999E+000
2.7208640655209038E+001	1.0451670000000000E+000
2.7342094027964990E+001	1.0449246000000001E+000
2.7475549438777801E+001	1.0446854000000001E+000
2.7609006883825245E+001	1.0444496000000001E+000
2.7742466368827834E+001	1.0442170000000000E+000
2.7875927908837230E+001	1.0439875999999999E+000
2.8009391527929306E+001	1.0437612000000001E+000
2.8142857258800781E+001	1.0435376000000001E+000
2.8276325142255470E+001	1.0433171999999999E+000
2.8409795226615341E+001	1.0430994000000000E+000
2.8543267567000616E+001	1.0428846000000001E+000
2.8676742224548782E+001	1.0426724000000001E+000
2.8810219265533679E+001	1.0424628000000000E+000
2.8943698760436185E+001	1.0422560000000001E+000
2.9077180782949213E+001	1.0420518000000001E+000
2.9210665408946230E+001	1.0418502000000001E+000
2.9344152715433907E+001	1.0416512000000000E+000
2.9477642779494253E+001	1.0414546000000000E+000
2.9611135677216112E+001	1.0412604000000001E+000
2.9744631482640955E+001	1.0410686000000000E+000
2.9878130266709150E+001	1.0408790000000001E+000
3.0011632096242529E+001	1.0406918000000001E+000
3.0145137032931938E+001	1.0405066000000001E+000
3.0278645132365831E+001	1.0403236000000000E+000
3.0412156443081749E+001	1.0401423999999999E+000
3.0545671005670528E+001	1.0399634000000000E+000
3.0679188851927677E+001	1.0397864000000001E+000
3.0812710004073743E+001	1.0396114000000001E+000
3.0946234474036139E+001	1.0394384000000001E+000
3.1079761638511783E+001	1.0392672000000001E+000
3.1213289746095121E+001	1.0390982000000000E+000
3.1346818677794467E+001	1.0389310000000000E+000
3.1480348428597534E+001	1.0387660000000001E+000
3.1613879005769757E+001	1.0386028000000000E+000
3.1747410428794939E+001	1.0384416000000001E+000
3.1880942729255889E+001	1.0382822000000000E+000
3.2014475950584355E+001	1.0381248000000001E+000
3.2148010147687764E+001	1.0379693999999999E+000
3.2281545386468963E+001	1.0378156000000001E+000
3.2415081743254696E+001	1.0376635999999999E+000
3.2548619304064147E+001	1.0375132000000000E+000
3.2682158163797446E+001	1.0373646000000001E+000
3.2815698425316455E+001	1.0372178000000001E+000
3.2949240198425777E+001	1.0370724000000000E+000
3.3082783598749778E+001	1.0369286000000000E+000
3.3216328746580118E+001	1.0367865999999999E+000
3.3349875765601737E+001	1.0366460000000000E+000
3.3483424781591722E+001	1.0365070000000001E+000
3.3616975921067485E+001	1.0363696000000000E+000
3.3750529309892897E+001	1.0362338000000000E+000
3.3884085071922179E+001	1.0360993999999999E+000
3.4017643327545677E+001	1.0359664000000000E+000
3.4151204192298060E+001	1.0358352000000000E+000
3.4284767775470328E+001	1.0357054000000001E+000
3.4418334178750904E+001	1.0355770000000000E+000
3.4551903494893260E+001	1.0354504000000000E+000
3.4685475806459856E+001	1.0353251999999999E+000
3.4819051184583387E+001	1.0352015999999999E+000
3.4952629687890116E+001	1.0350798000000001E+000
3.5086210245807976E+001	1.0349596000000001E+000
3.5219790629736067E+001	1.0348409999999999E+000
3.5353370728053605E+001	1.0347244000000000E+000
3.5486950504781987E+001	1.0346093999999999E+000
3.5620529940659921E+001	1.0344960000000001E+000
3.5754109033497571E+001	1.0343846000000001E+000
3.5887687798394914E+001	1.0342750000000001E+000
3.6021266267795781E+001	1.0341672000000000E+000
3.6154844491373638E+001	1.0340609999999999E+000
3.6288422535749376E+001	1.0339566000000000E+000
3.6422000484083675E+001	1.0338540000000001E+000
3.6555578435451416E+001	1.0337528000000000E+000
3.6689156504093553E+001	1.0336533999999999E+000
3.6822734818459743E+001	1.0335554000000000E+000
3.6956313520125150E+001	1.0334589999999999E+000
3.7089892762586040E+001	1.0333639999999999E+000
3.7223472709862996E+001	1.0332703999999999E+000
3.7357053534986285E+001	1.0331782000000000E+000
3.7490635418403286E+001	1.0330874000000001E+000
3.7624218546232058E+001	1.0329980000000001E+000
3.7757803108463278E+001	1.0329098000000001E+000
3.7891389297084096E+001	1.0328227999999999E+000
3.8024977304118792E+001	1.0327371999999999E+000
3.8158567319667462E+001	1.0326530000000000E+000
3.8292159529893951E+001	1.0325700000000000E+000
3.8425754115024667E+001	1.0324884000000001E+000
3.8559351247373350E+001	1.0324080000000000E+000
3.8692951089350373E+001	1.0323291999999999E+000
3.8826553791586775E+001	1.0322518000000001E+000
3.8960159491061837E+001	1.0321758000000001E+000
3.9093768309362524E+001	1.0321013999999999E+000
3.9227380351043983E+001	1.0320288000000000E+000
3.9360995702125898E+001	1.0319575999999999E+000
3.9494614428671376E+001	1.0318882000000000E+000
3.9628235392754256E+001	1.0318206000000001E+000
3.9761854960475993E+001	1.0317546000000000E+000
3.9895472848297118E+001	1.0316905999999999E+000
4.0029089049264215E+001	1.0316284000000000E+000
4.0162703580941375E+001	1.0315677999999999E+000
4.0296316485475359E+001	1.0315091999999999E+000
4.0429927829634117E+001	1.0314521999999999E+000
4.0563537704548793E+001	1.0313972000000000E+000
4.0697146225217260E+001	1.0313437999999999E+000
4.0830753529862804E+001	1.0312920000000001E+000
4.0964359778896053E+001	1.0312418000000001E+000
4.1097965153755041E+001	1.0311930000000000E+000
4.1231569855570505E+001	1.0311458000000000E+000
4.1365174103419150E+001	1.0310999999999999E+000
4.1498778132652660E+001	1.0310551999999999E+000
4.1632382192876953E+001	1.0310117999999999E+000
4.1765986545639080E+001	1.0309695999999999E+000
4.1899591462254605E+001	1.0309284000000001E+000
4.2033197221187933E+001	1.0308884000000000E+000
4.2166804105571707E+001	1.0308493999999999E+000
4.2300412400459706E+001	1.0308113999999999E+000
4.2434022390013233E+001	1.0307746000000000E+000
4.2567634354685488E+001	1.0307390000000001E+000
4.2701248568417967E+001	1.0307046000000000E+000
4.2834865295669758E+001	1.0306716000000000E+000
4.2968484788543272E+001	1.0306400000000000E+000
4.3102107284107660E+001	1.0306101999999999E+000
4.3235733001572946E+001	1.0305820000000001E+000
4.3369362139665327E+001	1.0305557999999999E+000
4.3502994874100885E+001	1.0305318000000001E+000
4.3636631355197842E+001	1.0305101999999999E+000
4.3770271705602092E+001	1.0304911999999999E+000
4.3903912355384229E+001	1.0304746000000000E+000
4.4037549714364133E+001	1.0304612000000000E+000
4.4171183714731605E+001	1.0304504000000001E+000
4.4304814321948399E+001	1.0304428000000001E+000
4.4438441535649631E+001	1.0304384000000000E+000
4.4572065390250316E+001	1.0304371999999999E+000
4.4705685955131528E+001	1.0304390000000001E+000
4.4839303334524899E+001	1.0304442000000000E+000
4.4972917667165454E+001	1.0304523999999999E+000
4.5106529125577772E+001	1.0304637999999999E+000
4.5240137914983706E+001	1.0304781999999999E+000
4.5373744271850917E+001	1.0304954000000000E+000
4.5507348462280063E+001	1.0305154000000001E+000
4.5640950779902724E+001	1.0305378000000001E+000
4.5774551543610130E+001	1.0305626000000001E+000
4.5908151094990636E+001	1.0305896000000001E+000
4.6041749795374379E+001	1.0306188000000001E+000
4.6175348022813274E+001	1.0306497999999999E+000
4.6308946168733449E+001	1.0306826000000000E+000
4.6442544634425147E+001	1.0307170000000001E+000
4.6576143827341390E+001	1.0307530000000000E+000
4.6709744157100623E+001	1.0307906000000000E+000
4.6843346031845066E+001	1.0308295999999999E+000
4.6976949853904003E+001	1.0308702000000001E+000
4.7110556015741892E+001	1.0309128000000001E+000
4.7244164895728325E+001	1.0309573999999999E+000
4.7377776854320970E+001	1.0310040000000000E+000
4.7511392229853705E+001	1.0310530000000000E+000
4.7645011334559797E+001	1.0311048000000000E+000
4.7778634450712609E+001	1.0311598000000000E+000
4.7912261827292227E+001	1.0312180000000000E+000
4.8045893676199469E+001	1.0312800000000000E+000
4.8179530169234233E+001	1.0313462000000000E+000
4.8313170617879223E+001	1.0314170000000000E+000
4.8446807177593953E+001	1.0314922000000000E+000
4.8580437793269574E+001	1.0315719999999999E+000
4.8714062419493743E+001	1.0316563999999999E+000
4.8847681061285741E+001	1.0317460000000001E+000
4.8981293774808890E+001	1.0318410000000000E+000
4.9114900667465875E+001	1.0319410000000000E+000
4.9248501898224468E+001	1.0320457999999999E+000
4.9382097677003799E+001	1.0321553999999999E+000
4.9515688263170297E+001	1.0322697999999999E+000
4.9649273963918347E+001	1.0323886000000000E+000
4.9782855132317472E+001	1.0325116000000001E+000
4.9916432164782606E+001	1.0326388000000000E+000
5.0050005497708725E+001	1.0327694000000001E+000
5.0183575604490187E+001	1.0329029999999999E+000
5.0317142991469595E+001	1.0330398000000001E+000
5.0450708193560047E+001	1.0331794000000001E+000
5.0584271769785047E+001	1.0333208000000000E+000
5.0717834298453468E+001	1.0334646000000001E+000
5.0851396371792141E+001	1.0336094000000000E+000
5.0984958591076179E+001	1.0337552000000001E+000
5.1118521560825322E+001	1.0339026000000000E+000
5.1252085882420381E+001	1.0340514000000001E+000
5.1385652148264867E+001	1.0342022000000000E+000
5.1519220935565023E+001	1.0343548000000000E+000
5.1652792800112543E+001	1.0345105999999999E+000
5.1786368269666326E+001	1.0346692000000000E+000
5.1919947839098334E+001	1.0348310000000001E+000
5.2053531963637084E+001	1.0349972000000001E+000
5.2187121053215165E+001	1.0351691999999999E+000
5.2320715466279836E+001	1.0353478000000000E+000
5.2454315505337135E+001	1.0355327999999999E+000
5.2587921238812939E+001	1.0357251999999999E+000
5.2721523051394158E+001	1.0359263999999999E+000
5.2855115198254133E+001	1.0361364000000000E+000
5.2988697553439131E+001	1.0363544000000000E+000
5.3122270066083722E+001	1.0365806000000000E+000
5.3255832760917592E+001	1.0368166000000001E+000
5.3389385738886901E+001	1.0370618000000000E+000
5.3522929178532252E+001	1.0373166000000000E+000
5.3656463334458934E+001	1.0375810000000001E+000
5.3789988537283328E+001	1.0378533999999999E+000
5.3923505192274582E+001	1.0381336000000001E+000
5.4057013776222746E+001	1.0384210000000000E+000
5.4190514833472783E+001	1.0387160000000000E+000
5.4324008971498529E+001	1.0390184000000000E+000
5.4457496855839580E+001	1.0393273999999999E+000
5.4590979205597556E+001	1.0396403999999999E+000
5.4724456789021019E+001	1.0399570000000000E+000
5.4857930416325779E+001	1.0402766000000001E+000
5.4991400931755322E+001	1.0405987999999999E+000
5.5124869206508741E+001	1.0409227999999999E+000
5.5258336130924619E+001	1.0412482000000001E+000
5.5391802605858352E+001	1.0415728000000000E+000
5.5525269535680444E+001	1.0418968000000000E+000
5.5658737818545646E+001	1.0422206000000001E+000
5.5792208336486539E+001	1.0425462000000001E+000
5.5925681945159894E+001	1.0428740000000001E+000
5.6059159464478398E+001	1.0432064000000001E+000
5.6192641668013913E+001	1.0435433999999999E+000
5.6326129274341028E+001	1.0438850000000000E+000
5.6459622938589057E+001	1.0442338000000000E+000
5.6593123242430792E+001	1.0445933999999999E+000
5.6726630684045666E+001	1.0449644000000000E+000
5.6860145672077962E+001	1.0453479999999999E+000
5.6993665907776005E+001	1.0457456000000001E+000
5.7127173976838172E+001	1.0461590000000001E+000
5.7260666444477366E+001	1.0465899999999999E+000
5.7394143199363839E+001	1.0470356000000001E+000
5.7527604250822634E+001	1.0474960000000000E+000
5.7661049728725807E+001	1.0479714000000000E+000
5.7794479885186334E+001	1.0484604000000000E+000
5.7927895094495874E+001	1.0489649999999999E+000
5.8061295849651366E+001	1.0494840000000001E+000
5.8194682761767019E+001	1.0500160000000001E+000
5.8328056555865238E+001	1.0505599999999999E+000
5.8461418065152415E+001	1.0511147999999999E+000
5.8594768223751487E+001	1.0516786000000000E+000
5.8728108058800956E+001	1.0522518000000001E+000
5.8861438680539315E+001	1.0528298000000000E+000
5.8994761278318968E+001	1.0534090000000000E+000
5.9128077110598433E+001	1.0539887999999999E+000
5.9261387490858802E+001	1.0545690000000001E+000
5.9394693775310472E+001	1.0551472000000000E+000
5.9527997351863434E+001	1.0557216000000000E+000
5.9661299625476005E+001	1.0562906000000001E+000
5.9794602006302227E+001	1.0568519999999999E+000
5.9927905896208365E+001	1.0574056000000001E+000
6.0061212673327219E+001	1.0579533999999999E+000
6.0194523674272730E+001	1.0585001999999999E+000
6.0327840175738238E+001	1.0590489999999999E+000
6.0461163378953145E+001	1.0596040000000000E+000
6.0594494390213789E+001	1.0601685999999999E+000
6.0727834208495302E+001	1.0607430000000000E+000
6.0861183712365715E+001	1.0613332000000000E+000
6.0994543642525556E+001	1.0619419999999999E+000
6.1127913222951129E+001	1.0625724000000001E+000
6.1261268212382532E+001	1.0632280000000001E+000
6.1394599280854010E+001	1.0639106000000000E+000
6.1527906234040309E+001	1.0646244000000000E+000
6.1661189067390126E+001	1.0653626000000000E+000
6.1794447980380248E+001	1.0661224000000000E+000
6.1927683375970673E+001	1.0669036000000001E+000
6.2060895858739642E+001	1.0677049999999999E+000
6.2194086232114628E+001	1.0685287999999999E+000
6.2327255492416604E+001	1.0693694000000000E+000
6.2460404821516050E+001	1.0702258000000000E+000
6.2593535352946063E+001	1.0710957999999999E+000
6.2726648654824359E+001	1.0719748000000000E+000
6.2859746662352080E+001	1.0728586000000000E+000
6.2992831410145293E+001	1.0737458000000000E+000
6.3125904634522890E+001	1.0746278000000000E+000
6.3258968291190072E+001	1.0754999999999999E+000
6.3392024505340359E+001	1.0763598000000001E+000
6.3525075465502908E+001	1.0772040000000001E+000
6.3658123403329519E+001	1.0780280000000000E+000
6.3791170568878471E+001	1.0788332000000000E+000
6.3924219206437137E+001	1.0796171999999999E+000
6.4057271533124748E+001	1.0803764000000000E+000
6.4190329714095839E+001	1.0811176000000000E+000
6.4323395830088472E+001	1.0818482000000000E+000
6.4456471848898602E+001	1.0825743999999999E+000
6.4589559599116583E+001	1.0833046000000000E+000
6.4722660734221833E+001	1.0840512000000000E+000
6.4855776707908944E+001	1.0848152000000000E+000
6.4988908755481233E+001	1.0856058000000000E+000
6.5122055500422263E+001	1.0864270000000000E+000
6.5255178224738572E+001	1.0872876000000000E+000
6.5388262896801351E+001	1.0881921999999999E+000
6.5521309598750420E+001	1.0891432000000001E+000
6.5654318765653130E+001	1.0901380000000001E+000
6.5787291193232491E+001	1.0911706000000001E+000
6.5920228043406908E+001	1.0922388000000001E+000
6.6053130837880445E+001	1.0933337999999999E+000
6.6186001446665415E+001	1.0944552000000001E+000
6.6318842063228971E+001	1.0955999999999999E+000
6.6451655182970640E+001	1.0967566000000000E+000
6.6584443586644369E+001	1.0979188000000000E+000
6.6717210304968432E+001	1.0990812000000001E+000
6.6849958583071555E+001	1.1002330000000000E+000
6.6982691847737556E+001	1.1013695999999999E+000
6.7115413665590779E+001	1.1024778000000000E+000
6.7248127710794975E+001	1.1035476000000000E+000
6.7380837725939131E+001	1.1045758000000001E+000
6.7513547480181785E+001	1.1055538000000000E+000
6.7646260728417204E+001	1.1064792000000001E+000
6.7778981166949507E+001	1.1073576000000001E+000
6.7911712384213942E+001	1.1081908000000000E+000
6.8044457819875319E+001	1.1089777999999999E+000
6.8177220722895214E+001	1.1097296000000001E+000
6.8310004101504546E+001	1.1104670000000001E+000
6.8442810669013610E+001	1.1112006000000001E+000
6.8575642789953761E+001	1.1119572000000000E+000
6.8708500597621864E+001	1.1127488000000001E+000
6.8841381837689028E+001	1.1135858000000001E+000
6.8974233824805339E+001	1.1144727999999999E+000
6.9107034528989104E+001	1.1154268000000001E+000
6.9239784131832764E+001	1.1164609999999999E+000
6.9372483365688439E+001	1.1175771999999999E+000
6.9505133517205806E+001	1.1187684000000000E+000
6.9637736428120661E+001	1.1200167999999999E+000
6.9770294488368222E+001	1.1213196000000001E+000
6.9902810606357434E+001	1.1226613999999999E+000
7.0035288182345582E+001	1.1240273999999999E+000
7.0167731063764819E+001	1.1254070000000000E+000
7.0300143493461306E+001	1.1267772000000000E+000
7.0432530062445423E+001	1.1281276000000000E+000
7.0564895652763028E+001	1.1294350000000000E+000
7.0697245379178071E+001	1.1306818000000001E+000
7.0829584523415150E+001	1.1318634000000001E+000
7.0961918464015667E+001	1.1329636000000001E+000
7.1094252615929989E+001	1.1339680000000001E+000
7.1226592373894007E+001	1.1348688000000000E+000
7.1358943048992842E+001	1.1356710000000001E+000
7.1491309796133706E+001	1.1363810000000001E+000
7.1623697548420836E+001	1.1370174000000000E+000
7.1756110945120838E+001	1.1375938000000001E+000
7.1888554266950322E+001	1.1381288000000001E+000
7.2021031373770484E+001	1.1386554000000000E+000
7.2153545636461317E+001	1.1391937999999999E+000
7.2286099870934095E+001	1.1397868000000000E+000
7.2418696253152874E+001	1.1404642000000000E+000
7.2551281333908150E+001	1.1412496000000001E+000
7.2683802391624312E+001	1.1421420000000000E+000
7.2816259943295677E+001	1.1431582000000000E+000
7.2948655286889320E+001	1.1443120000000000E+000
7.3080990486630384E+001	1.1455986000000000E+000
7.3213268353960089E+001	1.1469938000000000E+000
7.3345492430265821E+001	1.1484639999999999E+000
7.3477666954053575E+001	1.1499914000000000E+000
7.3609796796625815E+001	1.1515404000000000E+000
7.3741887405487375E+001	1.1530807999999999E+000
7.3873944727848041E+001	1.1545761999999999E+000
7.4005975129635587E+001	1.1559982000000000E+000
7.4137985305516011E+001	1.1573195999999999E+000
7.4269982191639812E+001	1.1585116000000000E+000
7.4401972876338249E+001	1.1595560000000000E+000
7.4533964504418222E+001	1.1604486000000001E+000
7.4665964174091400E+001	1.1611756000000000E+000
7.4797978861457707E+001	1.1617350000000000E+000
7.4930015337048332E+001	1.1621486000000001E+000
7.5062080061805474E+001	1.1624410000000001E+000
7.5194179098684117E+001	1.1626437999999999E+000
7.5326318027625632E+001	1.1627932000000001E+000
7.5458501853432736E+001	1.1629305999999999E+000
7.5590734923923691E+001	1.1631069999999999E+000
7.5723020851308803E+001	1.1633586000000000E+000
7.5855362430630407E+001	1.1637443999999999E+000
7.5987711826968905E+001	1.1642956000000000E+000
7.6119987487931269E+001	1.1650426000000000E+000
7.6252189044114360E+001	1.1659826000000000E+000
7.6384318353049380E+001	1.1671252000000001E+000
7.6516378239005746E+001	1.1684638000000001E+000
7.6648372452634064E+001	1.1699704000000000E+000
7.6780305623807180E+001	1.1715903999999999E+000
7.6912183220760795E+001	1.1732710000000000E+000
7.7044011478458032E+001	1.1749668000000000E+000
7.7175797304781639E+001	1.1766222000000000E+000
7.7307548186324311E+001	1.1781870000000001E+000
7.7439272080181055E+001	1.1796096000000000E+000
7.7570977298927815E+001	1.1808508000000000E+000
7.7702672395609426E+001	1.1818808000000001E+000
7.7834366045073736E+001	1.1826776000000001E+000
7.7966066927462776E+001	1.1832376000000000E+000
7.8097783595841491E+001	1.1835680000000000E+000
7.8229524365180325E+001	1.1836742000000000E+000
7.8361297222158015E+001	1.1835956000000001E+000
7.8493109698483252E+001	1.1833838000000001E+000
7.8624968754165707E+001	1.1830980000000000E+000
7.8756880674836481E+001	1.1827897999999999E+000
7.8888850968391452E+001	1.1825226000000000E+000
7.9020884265596891E+001	1.1823611999999999E+000
7.9152984234591742E+001	1.1823546000000000E+000
7.9285147494238629E+001	1.1825718000000001E+000
7.9417267075069560E+001	1.1830452000000000E+000
7.9549303685432136E+001	1.1837998000000001E+000
7.9681259268219478E+001	1.1848240000000001E+000
7.9813136921589688E+001	1.1861128000000001E+000
7.9944940837354238E+001	1.1876359999999999E+000
8.0076676234370737E+001	1.1893397999999999E+000
8.0208349286487120E+001	1.1911400000000001E+000
8.0339967057305458E+001	1.1929596000000000E+000
8.0471537403438631E+001	1.1947284000000000E+000
8.0603068855726832E+001	1.1963737999999999E+000
8.0734570498368313E+001	1.1978320000000000E+000
8.0866051828209820E+001	1.1990478000000000E+000
8.0997522618446297E+001	1.1999806000000000E+000
8.1128992780230348E+001	1.2006068000000001E+000
8.1260472224048016E+001	1.2009170000000000E+000
8.1391970720051489E+001	1.2009316000000001E+000
8.1523497743710593E+001	1.2006778000000000E+000
8.1655062362152449E+001	1.2001898000000000E+000
8.1786673116327847E+001	1.1995414000000000E+000
8.1918337878416182E+001	1.1988163999999999E+000
8.2050063723999685E+001	1.1980842000000000E+000
8.2181856826589282E+001	1.1974279999999999E+000
8.2313722334076687E+001	1.1969202000000001E+000
8.2445664278000208E+001	1.1966262000000001E+000
8.2577679119803662E+001	1.1966078000000000E+000
8.2709648792425682E+001	1.1969160000000001E+000
8.2841529224714421E+001	1.1975682000000001E+000
8.2973322813948570E+001	1.1985602000000000E+000
8.3105033234309971E+001	1.1998625999999999E+000
8.3236665374616479E+001	1.2014377999999999E+000
8.3368225244134806E+001	1.2032156000000001E+000
8.3499719882469563E+001	1.2051038000000001E+000
8.3631157268270599E+001	1.2069939999999999E+000
8.3762546221657956E+001	1.2087972000000000E+000
8.3893896270261479E+001	1.2104296000000001E+000
8.4025217508131220E+001	1.2118142000000001E+000
8.4156520441540664E+001	1.2128931999999999E+000
8.4287815829537479E+001	1.2136199999999999E+000
8.4419114535047541E+001	1.2139766000000001E+000
8.4550427365750764E+001	1.2139641999999999E+000
8.4681764922177152E+001	1.2136110000000000E+000
8.4813137430951940E+001	1.2129660000000000E+000
8.4944554610142816E+001	1.2120797999999999E+000
8.5076025545089294E+001	1.2110432000000000E+000
8.5207558535351467E+001	1.2099578000000000E+000
8.5339160956577061E+001	1.2089103999999999E+000
8.5470839146457152E+001	1.2079960000000001E+000
8.5602598275093612E+001	1.2072932000000001E+000
8.5734442250602186E+001	1.2068711999999999E+000
8.5866353258920498E+001	1.2067889999999999E+000
8.5998195237262749E+001	1.2070917999999999E+000
8.6129944318721769E+001	1.2077903999999999E+000
8.6261603650393994E+001	1.2088676000000000E+000
8.6393177727736386E+001	1.2102770000000000E+000
8.6524672315479918E+001	1.2119620000000000E+000
8.6656094335220587E+001	1.2138334000000000E+000
8.6787451758997321E+001	1.2157818000000000E+000
8.6918753500598399E+001	1.2176832000000000E+000
8.7050009306126569E+001	1.2194368000000000E+000
8.7181229602932063E+001	1.2209520000000000E+000
8.7312425344093342E+001	1.2221518000000000E+000
8.7443607834820597E+001	1.2229808000000000E+000
8.7574788567522319E+001	1.2233996000000000E+000
8.7705979058307179E+001	1.2234023999999999E+000
8.7837190676795416E+001	1.2230038000000001E+000
8.7968434483405630E+001	1.2222519999999999E+000
8.8099721055952173E+001	1.2212160000000001E+000
8.8231060352179526E+001	1.2199656000000001E+000
8.8362461570637052E+001	1.2186102000000001E+000
8.8493932994411537E+001	1.2172670000000001E+000
8.8625481850295174E+001	1.2160280000000001E+000
8.8757114191400234E+001	1.2149942000000000E+000
8.8888834768930565E+001	1.2142434000000000E+000
8.9020646942401640E+001	1.2138397999999999E+000
8.9152461348995416E+001	1.2138382000000001E+000
8.9284178885085041E+001	1.2142640000000000E+000
8.9415802150097079E+001	1.2151190000000001E+000
8.9547335247468496E+001	1.2163572000000000E+000
8.9678783653686779E+001	1.2179196000000001E+000
8.9810154111042309E+001	1.2197260000000001E+000
8.9941454505164714E+001	1.2216701999999999E+000
9.0072693743491456E+001	1.2236220000000000E+000
9.0203881639501788E+001	1.2254524000000000E+000
9.0335028785181038E+001	1.2270634000000000E+000
9.0466146379174248E+001	1.2283596000000001E+000
9.0597246062192113E+001	1.2292808000000000E+000
9.0728339726049043E+001	1.2297734000000000E+000
9.0859439353962046E+001	1.2298168000000000E+000
9.0990556840230710E+001	1.2294284000000000E+000
9.1121703816788397E+001	1.2286352000000000E+000
9.1252891481448358E+001	1.2275145999999999E+000
9.1384130427775929E+001	1.2261432000000001E+000
9.1515430511322108E+001	1.2246218000000000E+000
9.1646800691615042E+001	1.2230710000000000E+000
9.1778248878529197E+001	1.2216098000000000E+000
9.1909781800867407E+001	1.2203366000000000E+000
9.2041404879423993E+001	1.2193419999999999E+000
9.2173122117947230E+001	1.2187030000000001E+000
9.2304909515909401E+001	1.2184686000000000E+000
9.2436620390275110E+001	1.2186832000000001E+000
9.2568234003729899E+001	1.2193498000000000E+000
9.2699754083785905E+001	1.2204467999999999E+000
9.2831185796577813E+001	1.2219028000000001E+000
9.2962535658507221E+001	1.2236452000000000E+000
9.3093811403620649E+001	1.2255678000000001E+000
9.3225021855878296E+001	1.2275478000000000E+000
9.3356176799434934E+001	1.2294400000000001E+000
9.3487286861450812E+001	1.2311268000000000E+000
9.3618363349537603E+001	1.2325121999999999E+000
9.3749418076548068E+001	1.2335156000000000E+000
9.3880463172625397E+001	1.2340880000000001E+000
9.4011510907292632E+001	1.2341898000000000E+000
9.4142573516329989E+001	1.2338302000000001E+000
9.4273663014616233E+001	1.2330353999999999E+000
9.4404791025897282E+001	1.2318718000000000E+000
9.4535968600501675E+001	1.2304298000000000E+000
9.4667206065532753E+001	1.2287968000000000E+000
9.4798512878618894E+001	1.2270992000000001E+000
9.4929897464476838E+001	1.2254689999999999E+000
9.5061367067880667E+001	1.2240082000000001E+000
9.5192927633840171E+001	1.2228190000000001E+000
9.5324583680000202E+001	1.2219802000000000E+000
9.5456332401692450E+001	1.2215530000000001E+000
9.5588038020145888E+001	1.2215807999999999E+000
9.5719644283824323E+001	1.2220788000000000E+000
9.5851154566575445E+001	1.2230364000000000E+000
9.5982573735666804E+001	1.2243864000000000E+000
9.6113908065240921E+001	1.2260527999999999E+000
9.6245165110609562E+001	1.2279367999999999E+000
9.6376353571130693E+001	1.2299188000000001E+000
9.6507483153760063E+001	1.2318519999999999E+000
9.6638564451404434E+001	1.2335993999999999E+000
9.6769608798418659E+001	1.2350620000000001E+000
9.6900628085305257E+001	1.2361454000000001E+000
9.7031634578256316E+001	1.2368003999999999E+000
9.7162640723746222E+001	1.2369770000000000E+000
9.7293658982726811E+001	1.2366718000000001E+000
9.7424701636858202E+001	1.2359152000000000E+000
9.7555780611887045E+001	1.2347560000000000E+000
9.7686907298348984E+001	1.2332909999999999E+000
9.7818092382452647E+001	1.2316072000000000E+000
9.7949345706287147E+001	1.2298275999999999E+000
9.8080676101245786E+001	1.2280857999999999E+000
9.8212091233061415E+001	1.2264994000000000E+000
9.8343597476216175E+001	1.2251715999999999E+000
9.8475199783687302E+001	1.2241854000000001E+000
9.8606901587697493E+001	1.2236138000000001E+000
9.8738617422570883E+001	1.2234962000000000E+000
9.8870233075121391E+001	1.2238610000000001E+000
9.9001751020802843E+001	1.2247003999999999E+000
9.9133175831167804E+001	1.2259624000000000E+000
9.9264513522889104E+001	1.2275640000000001E+000
9.9395771445637664E+001	1.2294141999999999E+000
9.9526958137679784E+001	1.2313928000000001E+000
9.9658083186892370E+001	1.2333594000000001E+000
9.9789157100383434E+001	1.2351631999999999E+000
9.9920191174402206E+001	1.2366961999999999E+000
1.0005119730853315E+002	1.2378595999999999E+000
1.0018218782602862E+002	1.2385949999999999E+000
1.0031317527191865E+002	1.2388512000000000E+000
1.0044417224503644E+002	1.2386116000000000E+000
1.0057519120586531E+002	1.2379058000000001E+000
1.0070624429117925E+002	1.2367714000000001E+000
1.0083734313986936E+002	1.2353030000000000E+000
1.0096849871072531E+002	1.2335948000000001E+000
1.0109972114040433E+002	1.2317590000000000E+000
1.0123101958112311E+002	1.2299306000000001E+000
1.0136240204001452E+002	1.2282422000000000E+000
1.0149387524327548E+002	1.2267935999999999E+000
1.0162544451117058E+002	1.2256772000000000E+000
1.0175711364670308E+002	1.2249710000000000E+000
1.0188882898243496E+002	1.2247170000000001E+000
1.0202044960802085E+002	1.2249508000000000E+000
1.0215197117383188E+002	1.2256686000000001E+000
1.0228339796516380E+002	1.2268342000000001E+000
1.0241473574287969E+002	1.2283602000000000E+000
1.0254599164218810E+002	1.2301614000000001E+000
1.0267717402617330E+002	1.2321194000000000E+000
1.0280829234430107E+002	1.2341002000000001E+000
1.0293935699522279E+002	1.2359462000000001E+000
1.0307037920308593E+002	1.2375384000000000E+000
1.0320137083986630E+002	1.2387775999999999E+000
1.0333234424108774E+002	1.2395925999999999E+000
1.0346331200650735E+002	1.2399355999999999E+000
1.0359428682330754E+002	1.2397762000000001E+000
1.0372528128061217E+002	1.2391382000000000E+000
1.0385630767670153E+002	1.2380560000000000E+000
1.0398737784681038E+002	1.2366154000000000E+000
1.0411850297551506E+002	1.2349170000000000E+000
1.0424969344663037E+002	1.2330630000000000E+000
1.0438095868861240E+002	1.2311900000000000E+000
1.0451230700855365E+002	1.2294377999999999E+000
1.0464374544713006E+002	1.2279072000000000E+000
1.0477527965812048E+002	1.2266972000000000E+000
1.0490691378634914E+002	1.2258878000000000E+000
1.0503862651959778E+002	1.2255284000000000E+000
1.0517026461678253E+002	1.2256564000000001E+000
1.0530180266634390E+002	1.2262751999999999E+000
1.0543324466285003E+002	1.2273590000000001E+000
1.0556459610269145E+002	1.2288226000000000E+000
1.0569586388843662E+002	1.2305817999999999E+000
1.0582705618648188E+002	1.2325231999999999E+000
1.0595818228262517E+002	1.2345178000000001E+000
1.0608925244054213E+002	1.2364052000000001E+000
1.0622027777902609E+002	1.2380552000000000E+000
1.0635127010686467E+002	1.2393681999999999E+000
1.0648224173296200E+002	1.2402614000000001E+000
1.0661320527268583E+002	1.2406898000000000E+000
1.0674417345977423E+002	1.2406117999999999E+000
1.0687515896869265E+002	1.2400434000000000E+000
1.0700617421650193E+002	1.2390192000000000E+000
1.0713723118917822E+002	1.2376136000000000E+000
1.0726834125429254E+002	1.2359306000000001E+000
1.0739951500042199E+002	1.2340662000000000E+000
1.0753076208948394E+002	1.2321565999999999E+000
1.0766209108729835E+002	1.2303442000000000E+000
1.0779350931217719E+002	1.2287364000000001E+000
1.0792502271502626E+002	1.2274356000000000E+000
1.0805663575091204E+002	1.2265226000000000E+000
1.0818834021476781E+002	1.2260576000000001E+000
1.0831998854818048E+002	1.2260758000000000E+000
1.0845153597742214E+002	1.2265906000000000E+000
1.0858298621132519E+002	1.2275822000000001E+000
1.0871434448582337E+002	1.2289734000000001E+000
1.0884561746864163E+002	1.2306790000000001E+000
1.0897681312533446E+002	1.2325914000000000E+000
1.0910794057126073E+002	1.2345851999999999E+000
1.0923900992773908E+002	1.2365028000000000E+000
1.0937003219663093E+002	1.2382028000000000E+000
1.0950101910809715E+002	1.2395840000000000E+000
1.0963198292735228E+002	1.2405546000000001E+000
1.0976293626623807E+002	1.2410692000000001E+000
1.0989389188602453E+002	1.2410794000000001E+000
1.1002486252558519E+002	1.2405914000000000E+000
1.1015586070112259E+002	1.2396406000000000E+000
1.1028689852842163E+002	1.2382880000000001E+000
1.1041798753936551E+002	1.2366395999999999E+000
1.1054913851054556E+002	1.2347892000000000E+000
1.1068036131995129E+002	1.2328690000000000E+000
1.1081166477677144E+002	1.2310205999999999E+000
1.1094305646514707E+002	1.2293612000000000E+000
1.1107454262053271E+002	1.2279936000000000E+000
1.1120612799985803E+002	1.2270004000000001E+000
1.1133781489706007E+002	1.2264510000000000E+000
1.1146948385165746E+002	1.2263792000000000E+000
1.1160105126559057E+002	1.2268074000000000E+000
1.1173252055759883E+002	1.2277195999999999E+000
1.1186389669659381E+002	1.2290504000000000E+000
1.1199518610413337E+002	1.2307113999999999E+000
1.1212639653093700E+002	1.2326016000000000E+000
1.1225753690619889E+002	1.2345968000000000E+000
1.1238861719288391E+002	1.2365455999999999E+000
1.1251964825766862E+002	1.2382968000000001E+000
1.1265064173080648E+002	1.2397448000000000E+000
1.1278160981263545E+002	1.2407926000000000E+000
1.1291256508828575E+002	1.2413902000000001E+000
1.1304352032438908E+002	1.2414864000000001E+000
1.1317448829946240E+002	1.2410770000000000E+000
1.1330548160449071E+002	1.2401975999999999E+000
1.1343651245961634E+002	1.2388969999999999E+000
1.1356759253543846E+002	1.2372799999999999E+000
1.1369873277240832E+002	1.2354423999999999E+000
1.1382994323849886E+002	1.2335094000000000E+000
1.1396123296100873E+002	1.2316208000000000E+000
1.1409260976686085E+002	1.2299050000000000E+000
1.1422408015251423E+002	1.2284632000000000E+000
1.1435564915636985E+002	1.2273832000000000E+000
1.1448732025278456E+002	1.2267399999999999E+000
1.1461900098037091E+002	1.2265686000000000E+000
1.1475057980740742E+002	1.2268986000000000E+000
1.1488205963871771E+002	1.2277182000000000E+000
1.1501344518061627E+002	1.2289748000000000E+000
1.1514474261100810E+002	1.2305774000000000E+000
1.1527595946614908E+002	1.2324318000000001E+000
1.1540710448851854E+002	1.2344143999999999E+000
1.1553818748162104E+002	1.2363812000000001E+000
1.1566921917502337E+002	1.2381742000000000E+000
1.1580021109287323E+002	1.2396818000000001E+000
1.1593117536447950E+002	1.2408045999999999E+000
1.1606212453900740E+002	1.2414844000000000E+000
1.1619307138121980E+002	1.2416706000000000E+000
1.1632402869952467E+002	1.2413474000000000E+000
1.1645500915067754E+002	1.2405478000000001E+000
1.1658602505077825E+002	1.2393128000000000E+000
1.1671708820033956E+002	1.2377418000000000E+000
1.1684820969752559E+002	1.2359350000000000E+000
1.1697939979286893E+002	1.2340076000000000E+000
1.1711066772626904E+002	1.2320994000000001E+000
1.1724202156316173E+002	1.2303474000000001E+000
1.1737346805710214E+002	1.2288505999999999E+000
1.1750501252582907E+002	1.2277028000000001E+000
1.1763665873735677E+002	1.2269821999999999E+000
1.1776835366128569E+002	1.2267280000000000E+000
1.1789995370549640E+002	1.2269740000000000E+000
1.1803145404827355E+002	1.2277134000000001E+000
1.1816285912590011E+002	1.2289056000000000E+000
1.1829417486368880E+002	1.2304584000000001E+000
1.1842540857127136E+002	1.2322826000000000E+000
1.1855656879184140E+002	1.2342565999999999E+000
1.1868766515631383E+002	1.2362426000000000E+000
1.1881870824415016E+002	1.2380789999999999E+000
1.1894970945724882E+002	1.2396453999999999E+000
1.1908068083856644E+002	1.2408425999999999E+000
1.1921163488424959E+002	1.2416016000000001E+000
1.1934258434188757E+002	1.2418750000000001E+000
1.1947354203229732E+002	1.2416354000000001E+000
1.1960452066056767E+002	1.2409108000000000E+000
1.1973553262155303E+002	1.2397384000000000E+000
1.1986658982688095E+002	1.2382096000000000E+000
1.1999770351511218E+002	1.2364286000000000E+000
1.2012888410091192E+002	1.2345014000000001E+000
1.2026014101806452E+002	1.2325683999999999E+000
1.2039148255250151E+002	1.2307716000000000E+000
1.2052291569785577E+002	1.2292114000000001E+000
1.2065444603491700E+002	1.2279864000000000E+000
1.2078607761009282E+002	1.2271770000000000E+000
1.2091777591861333E+002	1.2268292000000001E+000
1.2104938827165350E+002	1.2269783999999999E+000
1.2118090022927798E+002	1.2276248000000001E+000
1.2131231596044255E+002	1.2287372000000001E+000
1.2144364114124812E+002	1.2302268000000001E+000
1.2157488285560322E+002	1.2320059999999999E+000
1.2170604944862377E+002	1.2339582000000000E+000
1.2183715037923760E+002	1.2359506000000000E+000
1.2196819607788743E+002	1.2378203999999999E+000
1.2209919782225646E+002	1.2394385999999999E+000
1.2223016756625151E+002	1.2407062000000000E+000
1.2236111774881020E+002	1.2415436000000000E+000
1.2249206109691868E+002	1.2419060000000000E+000
1.2262301043958814E+002	1.2417556000000001E+000
1.2275397852587299E+002	1.2411133999999999E+000
1.2288497782642168E+002	1.2400154000000001E+000
1.2301602035995974E+002	1.2385428000000001E+000
1.2314711750386689E+002	1.2368015999999999E+000
1.2327827983538297E+002	1.2348918000000000E+000
1.2340951698103108E+002	1.2329526000000000E+000
1.2354083744679561E+002	1.2311280000000000E+000
1.2367224846777997E+002	1.2295228000000000E+000
1.2380375588864112E+002	1.2282388000000000E+000
1.2393536403641218E+002	1.2273563999999999E+000
1.2406706093313159E+002	1.2269314000000000E+000
1.2419869516067359E+002	1.2269980000000000E+000
1.2433022843738146E+002	1.2275646000000000E+000
1.2446166465693280E+002	1.2286074000000000E+000
1.2459300923811915E+002	1.2300430000000000E+000
1.2472426902786448E+002	1.2317844000000000E+000
1.2485545216175676E+002	1.2337199999999999E+000
1.2498656791499856E+002	1.2357212000000000E+000
1.2511762655794936E+002	1.2376267999999999E+000
1.2524863923107294E+002	1.2392981999999999E+000
1.2537961778589801E+002	1.2406349999999999E+000
1.2551057459088840E+002	1.2415494000000000E+000
1.2564152233958826E+002	1.2419971999999999E+000
1.2577247385601724E+002	1.2419328000000001E+000
1.2590344191933170E+002	1.2413689999999999E+000
1.2603443906265264E+002	1.2403417999999999E+000
1.2616547739689751E+002	1.2389209999999999E+000
1.2629656842435581E+002	1.2372133999999999E+000
1.2642772287091198E+002	1.2353156000000001E+000
1.2655895054054498E+002	1.2333635999999999E+000
1.2669026014405235E+002	1.2315014000000000E+000
1.2682165914468767E+002	1.2298420000000001E+000
1.2695315363658790E+002	1.2284880000000000E+000
1.2708474821502323E+002	1.2275218000000001E+000
1.2721643958527405E+002	1.2270078000000000E+000
1.2734808661951681E+002	1.2269791999999999E+000
1.2747963213700777E+002	1.2274532000000000E+000
1.2761107975839232E+002	1.2284108000000000E+000
1.2774243464871310E+002	1.2297785999999999E+000
1.2787370341964029E+002	1.2314680000000000E+000
1.2800489399915944E+002	1.2333740000000000E+000
1.2813601548032361E+002	1.2353704000000001E+000
1.2826707797574508E+002	1.2373008000000001E+000
1.2839809248948092E+002	1.2390182000000001E+000
1.2852907076951445E+002	1.2404189999999999E+000
1.2866002511262087E+002	1.2414094000000000E+000
1.2879096817664606E+002	1.2419423999999999E+000
1.2892191277960433E+002	1.2419682000000001E+000
1.2905287172844882E+002	1.2414896000000000E+000
1.2918385761782849E+002	1.2405432000000001E+000
1.2931488264963346E+002	1.2391858000000000E+000
1.2944595845104766E+002	1.2375244000000001E+000
1.2957709589806876E+002	1.2356545999999999E+000
1.2970830497249742E+002	1.2337073999999999E+000
1.2983959459178124E+002	1.2318244000000000E+000
1.2997097245066513E+002	1.2301283999999999E+000
1.3010244489498223E+002	1.2287212000000001E+000
1.3023401679243332E+002	1.2276878000000000E+000
1.3036569135071753E+002	1.2270998000000000E+000
1.3049736058748388E+002	1.2269905999999999E+000
1.3062892787046383E+002	1.2273849999999999E+000
1.3076039653988536E+002	1.2282678000000000E+000
1.3089177149891759E+002	1.2295773999999999E+000
1.3102305911389479E+002	1.2312230000000000E+000
1.3115426709410212E+002	1.2331057999999999E+000
1.3128540433920040E+002	1.2351006000000000E+000
1.3141648079350517E+002	1.2370578000000001E+000
1.3154750731354875E+002	1.2388227999999999E+000
1.3167849553102673E+002	1.2402872000000000E+000
1.3180945765948641E+002	1.2413529999999999E+000
1.3194040630860195E+002	1.2419680000000000E+000
1.3207135427953972E+002	1.2420808000000001E+000
1.3220231439438487E+002	1.2416840000000000E+000
1.3233329929723399E+002	1.2408129999999999E+000
1.3246432126840148E+002	1.2395144000000000E+000
1.3259539204696702E+002	1.2378922000000001E+000
1.3272652264700406E+002	1.2360450000000001E+000
1.3285772321430267E+002	1.2340949999999999E+000
1.3298900285929787E+002	1.2321826000000000E+000
1.3312036949570847E+002	1.2304404000000000E+000
1.3325182970782751E+002	1.2289686000000000E+000
1.3338338862423311E+002	1.2278572000000001E+000
1.3351504980883070E+002	1.2271825999999999E+000
1.3364673104893896E+002	1.2269802000000001E+000
1.3377831094022753E+002	1.2272812000000000E+000
1.3390979148453863E+002	1.2280747999999999E+000
1.3404117732594221E+002	1.2293115999999999E+000
1.3417247458805181E+002	1.2308992000000001E+000
1.3430369076319417E+002	1.2327450000000000E+000
1.3443483455968288E+002	1.2347252000000000E+000
1.3456591575576087E+002	1.2366973999999999E+000
1.3469694506289892E+002	1.2385014000000001E+000
1.3482793399594360E+002	1.2400228000000000E+000
1.3495889468528475E+002	1.2411622000000000E+000
1.3508983969040102E+002	1.2418583999999999E+000
1.3522078179580640E+002	1.2420616000000000E+000
1.3535173383719911E+002	1.2417530000000001E+000
1.3548270850746226E+002	1.2409644000000000E+000
1.3561371816566623E+002	1.2397359999999999E+000
1.3574477466277455E+002	1.2381656000000001E+000
1.3587588915325472E+002	1.2363552000000000E+000
1.3600707194809908E+002	1.2344177999999999E+000
1.3613833235339081E+002	1.2324940000000000E+000
1.3626967850518020E+002	1.2307224000000001E+000
1.3640111722978702E+002	1.2292026000000000E+000
1.3653265392102466E+002	1.2280298000000001E+000
1.3666429242377606E+002	1.2272829999999999E+000
1.3679598655410632E+002	1.2270026000000001E+000
1.3692758849169371E+002	1.2272232000000001E+000
1.3705909046840378E+002	1.2279393999999999E+000
1.3719049686065884E+002	1.2291128000000000E+000
1.3732181354037178E+002	1.2306516000000001E+000
1.3745304777169011E+002	1.2324666000000000E+000
1.3758420806068679E+002	1.2344371999999999E+000
1.3771530400871120E+002	1.2364264000000000E+000
1.3784634617202809E+002	1.2382720000000000E+000
1.3797734593626976E+002	1.2398506000000000E+000
1.3810831533742277E+002	1.2410631999999999E+000
1.3823926687265163E+002	1.2418381999999999E+000
1.3837021329951756E+002	1.2421287999999999E+000
1.3850116745546057E+002	1.2419050000000000E+000
1.3863214207045465E+002	1.2411932000000001E+000
1.3876314957101306E+002	1.2400306000000001E+000
1.3889420190721222E+002	1.2385067999999999E+000
1.3902531036239824E+002	1.2367264000000000E+000
1.3915648540024836E+002	1.2347942000000001E+000
1.3928773650938876E+002	1.2328508000000000E+000
1.3941907203540362E+002	1.2310394000000000E+000
1.3955049903468694E+002	1.2294612000000000E+000
1.3968202315446086E+002	1.2282158000000001E+000
1.3981364850942700E+002	1.2273840000000000E+000
1.3994534566216589E+002	1.2270136000000000E+000
1.4007696046402799E+002	1.2271399999999999E+000
1.4020847467100614E+002	1.2277651999999999E+000
1.4033989239385912E+002	1.2288597999999999E+000
1.4047121925609659E+002	1.2303356000000001E+000
1.4060246229520118E+002	1.2321054000000000E+000
1.4073362981728775E+002	1.2340530000000001E+000
1.4086473124894658E+002	1.2360472000000000E+000
1.4099577699415229E+002	1.2379248000000000E+000
1.4112677830987920E+002	1.2395540000000000E+000
1.4125774713768993E+002	1.2408360000000001E+000
1.4138869591148335E+002	1.2416887999999999E+000
1.4151963736162156E+002	1.2420682000000001E+000
1.4165058432672413E+002	1.2419342000000000E+000
1.4178154957318489E+002	1.2413064000000000E+000
1.4191254559576680E+002	1.2402202000000000E+000
1.4204358444357399E+002	1.2387551999999999E+000
1.4217467753100502E+002	1.2370175999999999E+000
1.4230583547672319E+002	1.2351064000000000E+000
1.4243706795434554E+002	1.2331605999999999E+000
1.4256838352204070E+002	1.2313246000000000E+000
1.4269978947098090E+002	1.2297050000000000E+000
1.4283129170558129E+002	1.2284036000000000E+000
1.4296289461538393E+002	1.2275016000000001E+000
1.4309458917032921E+002	1.2270566000000001E+000
1.4322622620689745E+002	1.2271022000000000E+000
1.4335776213459170E+002	1.2276492000000001E+000
1.4348920079005910E+002	1.2286746000000000E+000
1.4362054754011342E+002	1.2300968000000001E+000
1.4375180918463690E+002	1.2318283999999999E+000
1.4388299381891582E+002	1.2337590000000001E+000
1.4401411068389547E+002	1.2357606000000001E+000
1.4414517002127286E+002	1.2376726000000000E+000
1.4427618294781522E+002	1.2393544000000001E+000
1.4440716129892223E+002	1.2407048000000001E+000
1.4453811743388513E+002	1.2416343999999999E+000
1.4466906404498937E+002	1.2420986000000001E+000
1.4480001396112897E+002	1.2420510000000000E+000
1.4493097997354957E+002	1.2415022000000000E+000
1.4506197463428518E+002	1.2404885999999999E+000
1.4519301007908558E+002	1.2390770000000000E+000
1.4532409784185685E+002	1.2373748000000000E+000
1.4545524868473552E+002	1.2354782000000000E+000
1.4558647245337332E+002	1.2335225999999999E+000
1.4571777790555251E+002	1.2316516000000000E+000
1.4584917255595525E+002	1.2299802000000000E+000
1.4598066255373823E+002	1.2286112000000000E+000
1.4611225255266251E+002	1.2276274000000000E+000
1.4624394106867084E+002	1.2270947999999999E+000
1.4637559114749948E+002	1.2270468000000001E+000
1.4650713958145613E+002	1.2275020000000001E+000
1.4663858993485920E+002	1.2284424000000000E+000
1.4676994732107252E+002	1.2297967999999999E+000
1.4690121830421307E+002	1.2314761999999999E+000
1.4703241077089817E+002	1.2333765999999999E+000
1.4716353377845331E+002	1.2353722000000000E+000
1.4729459740920072E+002	1.2373078000000000E+000
1.4742561264142537E+002	1.2390344000000000E+000
1.4755659120416945E+002	1.2404480000000000E+000
1.4768754538209711E+002	1.2414532000000000E+000
1.4781848782832901E+002	1.2420024000000001E+000
1.4794943136243648E+002	1.2420452000000000E+000
1.4808038879961762E+002	1.2415822000000001E+000
1.4821137274965116E+002	1.2406501999999999E+000
1.4834239543534187E+002	1.2393031999999999E+000
1.4847346851152685E+002	1.2376486000000000E+000
1.4860460288682702E+002	1.2357822000000001E+000
1.4873580858075655E+002	1.2338332000000001E+000
1.4886709455404736E+002	1.2319431999999999E+000
1.4899846854953219E+002	1.2302371999999999E+000
1.4912993696467137E+002	1.2288163999999999E+000
1.4926150472279386E+002	1.2277670000000001E+000
1.4939317516934639E+002	1.2271618000000000E+000
1.4952484760198840E+002	1.2270340000000000E+000
1.4965641798154306E+002	1.2274103999999999E+000
1.4978788958611705E+002	1.2282762000000000E+000
1.4991926726722002E+002	1.2295722000000000E+000
1.5000000000000000E+002	1.2312074000000000E+000

 
