1.0633884715998360E-001	5.5067059999999996E-013
2.0550436329500615E-001	5.4544979999999999E-004
3.0126064728555840E-001	1.0627957999999999E-003
3.9577769435208171E-001	1.5151718000000001E-003
4.9042655711433203E-001	1.7429442000000000E-003
5.8584158206702142E-001	1.7830488000000000E-003
6.8210681881327739E-001	1.6730137999999999E-003
7.7913875126215693E-001	1.5248682000000000E-003
8.7679966686486011E-001	1.4263594000000000E-003
9.7494768798252696E-001	1.3586055999999999E-003
1.0734881121268360E+000	1.3205745999999999E-003
1.1723313213048838E+000	1.3002446000000001E-003
1.2714580197016847E+000	1.2845102000000001E-003
1.3708708281959467E+000	1.2737174000000001E-003
1.4705618645347525E+000	1.2681204000000001E-003
1.5704775985262398E+000	1.2451922000000001E-003
1.6706275443422178E+000	1.2193262000000000E-003
1.7710240355625364E+000	1.1884208000000000E-003
1.8716651557888306E+000	1.1464159999999999E-003
1.9725264340991098E+000	1.0959226000000000E-003
2.0736027172046514E+000	1.0380616000000000E-003
2.1748562647183305E+000	9.6743260000000005E-004
2.2762610889639037E+000	8.9076879999999995E-004
2.3777561904102313E+000	8.1568820000000003E-004
2.4793209021223572E+000	7.3224000000000000E-004
2.5809584040053517E+000	6.3283660000000000E-004
2.6826780633810094E+000	5.3260299999999998E-004
2.7844754482983327E+000	4.3062240000000000E-004
2.8863324769102454E+000	3.1976200000000002E-004
2.9882335030437379E+000	2.0037060000000000E-004
3.0901823808368700E+000	8.0481879999999998E-005
3.1921919572438409E+000	-3.5357520000000003E-005
3.2942692685104689E+000	-1.5271102000000001E-004
3.3964071164621954E+000	-2.7519339999999999E-004
3.4985960802559735E+000	-4.0116099999999998E-004
3.6008335145864634E+000	-5.2579419999999996E-004
3.7031273325529854E+000	-6.4560379999999997E-004
3.8054855407029677E+000	-7.5969280000000002E-004
3.9079077713224257E+000	-8.7044900000000003E-004
4.0103829941195697E+000	-9.7792699999999996E-004
4.1128963024734606E+000	-1.0806334000000000E-003
4.2154388830411369E+000	-1.1761656000000001E-003
4.3180121050096023E+000	-1.2614878000000000E-003
4.4206251729706141E+000	-1.3358038000000000E-003
4.5232888352098177E+000	-1.3991424000000001E-003
4.6260086577284705E+000	-1.4517412000000000E-003
4.7287824091729567E+000	-1.4933168000000000E-003
4.8316019414803604E+000	-1.5236852000000000E-003
4.9344577433878092E+000	-1.5417846000000000E-003
5.0373434467043809E+000	-1.5459531999999999E-003
5.1402584051554534E+000	-1.5350667999999999E-003
5.2432070912604596E+000	-1.5082590000000001E-003
5.3461960459826221E+000	-1.4658104000000000E-003
5.4492300374497900E+000	-1.4080624000000000E-003
5.5523092846186337E+000	-1.3354675999999999E-003
5.6554292812017959E+000	-1.2485905999999999E-003
5.7585829337887660E+000	-1.1476372000000000E-003
5.8617634882951792E+000	-1.0324726000000000E-003
5.9649666986655063E+000	-9.0297119999999999E-004
6.0681916999475805E+000	-7.5935580000000003E-004
6.1714408269209216E+000	-6.0243619999999999E-004
6.2747185957019784E+000	-4.3293299999999998E-004
6.3780301249123230E+000	-2.5242139999999999E-004
6.4813794222459933E+000	-6.1993739999999998E-005
6.5847679675650364E+000	1.3699152000000000E-004
6.6881943373061450E+000	3.4326879999999998E-004
6.7916548816528035E+000	5.5571720000000002E-004
6.8951449796845248E+000	7.7328239999999995E-004
6.9986602484303209E+000	9.9486679999999991E-004
7.1021973169737240E+000	1.2191923999999999E-003
7.2057541549525359E+000	1.4446748000000000E-003
7.3093301238788086E+000	1.6695662000000000E-003
7.4129255068414857E+000	1.8920622000000000E-003
7.5165409998525607E+000	2.1103379999999998E-003
7.6201782954834503E+000	2.3225379999999999E-003
7.7238387043976102E+000	2.5268000000000001E-003
7.8275226093284251E+000	2.7214079999999998E-003
7.9312293361389941E+000	2.9048160000000002E-003
8.0349574538865358E+000	3.0755919999999998E-003
8.1387053426411136E+000	3.2323320000000001E-003
8.2424717575960695E+000	3.3735739999999998E-003
8.3462561611724055E+000	3.4978499999999998E-003
8.4500587440935213E+000	3.6036739999999999E-003
8.5538802036012793E+000	3.6895880000000002E-003
8.6577214176486859E+000	3.7541760000000001E-003
8.7615831500827550E+000	3.7963400000000000E-003
8.8654658672787026E+000	3.8151159999999999E-003
8.9693696761172657E+000	3.8097259999999998E-003
9.0732943402143000E+000	3.7795620000000002E-003
9.1772393195051443E+000	3.7241420000000002E-003
9.2812038083326556E+000	3.6431139999999998E-003
9.3851867873737671E+000	3.5362840000000002E-003
9.4891871185780143E+000	3.4036420000000001E-003
9.5932036903344784E+000	3.2453439999999998E-003
9.6972355813879076E+000	3.0617439999999999E-003
9.8012821887379165E+000	2.8533539999999998E-003
9.9053432731090805E+000	2.6208000000000000E-003
1.0009418908417077E+001	2.3648979999999998E-003
1.0113509357982878E+001	2.0867559999999999E-003
1.0217614920832952E+001	1.7875180000000001E-003
1.0321735795886221E+001	1.4685525999999999E-003
1.0425871999295868E+001	1.1314051999999999E-003
1.0530023348594318E+001	7.7779279999999997E-004
1.0634189504516312E+001	4.0959880000000001E-004
1.0738370044450896E+001	2.8847580000000000E-005
1.0842564537295027E+001	-3.6231940000000003E-004
1.0946772403997178E+001	-7.6162219999999995E-004
1.1050991894644147E+001	-1.1667348000000001E-003
1.1155222442830604E+001	-1.5751616000000000E-003
1.1259463861848918E+001	-1.9843748000000000E-003
1.1363716079286156E+001	-2.3918059999999998E-003
1.1467979149968116E+001	-2.7947940000000002E-003
1.1572253257565494E+001	-3.1906600000000001E-003
1.1676538695723671E+001	-3.5767099999999999E-003
1.1780835825534700E+001	-3.9502360000000002E-003
1.1885145014542482E+001	-4.3085340000000001E-003
1.1989466569591421E+001	-4.6489900000000004E-003
1.2093800676802248E+001	-4.9690220000000000E-003
1.2198147361112866E+001	-5.2661060000000004E-003
1.2302506470968142E+001	-5.5378260000000000E-003
1.2406877690632966E+001	-5.7818560000000001E-003
1.2511260576765633E+001	-5.9959979999999998E-003
1.2615654611085210E+001	-6.1781199999999996E-003
1.2720059259742232E+001	-6.3262620000000000E-003
1.2824474028940072E+001	-6.4386080000000002E-003
1.2928898507635234E+001	-6.5134859999999998E-003
1.3033332391170656E+001	-6.5494539999999997E-003
1.3137775484020764E+001	-6.5452660000000001E-003
1.3242227684952608E+001	-6.4998859999999999E-003
1.3346688962376291E+001	-6.4125420000000002E-003
1.3451159328218029E+001	-6.2826399999999999E-003
1.3555638817488461E+001	-6.1098180000000004E-003
1.3660127476372478E+001	-5.8940840000000000E-003
1.3764625358025180E+001	-5.6356699999999997E-003
1.3869132522438928E+001	-5.3350799999999999E-003
1.3973649036399321E+001	-4.9930920000000002E-003
1.4078174970254134E+001	-4.6107639999999998E-003
1.4182710390853112E+001	-4.1894180000000003E-003
1.4287255352281319E+001	-3.7306739999999998E-003
1.4391809886681408E+001	-3.2364339999999998E-003
1.4496373997954478E+001	-2.7088460000000000E-003
1.4600947660288892E+001	-2.1503379999999999E-003
1.4705530821650243E+001	-1.5635396000000001E-003
1.4810123411545442E+001	-9.5133239999999997E-004
1.4914725351094184E+001	-3.1681899999999998E-004
1.5019336563084412E+001	3.3660420000000002E-004
1.5123956980499347E+001	1.0054231999999999E-003
1.5228586552152834E+001	1.6859030000000001E-003
1.5333225244364387E+001	2.3741840000000001E-003
1.5437873038666869E+001	3.0662960000000000E-003
1.5542528689335294E+001	3.7581200000000002E-003
1.5647189744345994E+001	4.4454259999999997E-003
1.5751856076391185E+001	5.1239120000000004E-003
1.5856527626126434E+001	5.7892739999999996E-003
1.5961204335400831E+001	6.4371400000000000E-003
1.6065886145634206E+001	7.0631499999999998E-003
1.6170572999481514E+001	7.6630279999999997E-003
1.6275264844751163E+001	8.2325100000000002E-003
1.6379961639327941E+001	8.7674840000000007E-003
1.6484663355903386E+001	9.2640060000000000E-003
1.6589369984866277E+001	9.7181880000000009E-003
1.6694081534833028E+001	1.0126332000000000E-002
1.6798798031539818E+001	1.0484936000000000E-002
1.6903519514930913E+001	1.0790722000000001E-002
1.7008246035454849E+001	1.1040664000000000E-002
1.7112977650467158E+001	1.1232005999999999E-002
1.7217714421499466E+001	1.1362304000000000E-002
1.7322456412811700E+001	1.1429412000000000E-002
1.7427203691262221E+001	1.1431515999999999E-002
1.7531956327170764E+001	1.1367148000000001E-002
1.7636714396030946E+001	1.1235190000000001E-002
1.7741477980143678E+001	1.1034900000000000E-002
1.7846247169782334E+001	1.0765956000000000E-002
1.7951022063569265E+001	1.0428418000000000E-002
1.8055802767914109E+001	1.0022751999999999E-002
1.8160589395273131E+001	9.5498000000000006E-003
1.8265382061740365E+001	9.0108359999999995E-003
1.8370180884095433E+001	8.4075220000000006E-003
1.8474985976674095E+001	7.7419480000000002E-003
1.8579797448603340E+001	7.0166040000000001E-003
1.8684615401475831E+001	6.2343600000000004E-003
1.8789439927893504E+001	5.3984760000000001E-003
1.8894271110775229E+001	4.5125859999999999E-003
1.8999109023480504E+001	3.5806900000000001E-003
1.9103953730597969E+001	2.6071219999999999E-003
1.9208805289116814E+001	1.5965322000000000E-003
1.9313663749710503E+001	5.5388979999999996E-004
1.9418529157693456E+001	-5.1554580000000001E-004
1.9523401553485240E+001	-1.6062810000000000E-003
1.9628280972405047E+001	-2.7125800000000000E-003
1.9733166557891735E+001	-3.8285099999999998E-003
1.9838053837725074E+001	-4.9479479999999998E-003
1.9942942091780921E+001	-6.0645999999999999E-003
2.0047831224731588E+001	-7.1720899999999999E-003
2.0152721160483285E+001	-8.2639859999999992E-003
2.0257611841631114E+001	-9.3338180000000007E-003
2.0362503229300923E+001	-1.0375107999999999E-002
2.0467395303411749E+001	-1.1381413999999999E-002
2.0572288063263898E+001	-1.2346355999999999E-002
2.0677181528331101E+001	-1.3263680000000000E-002
2.0782075738923471E+001	-1.4127244000000001E-002
2.0886970756839865E+001	-1.4931099999999999E-002
2.0991866665568150E+001	-1.5669518000000000E-002
2.1096763569949999E+001	-1.6337022000000000E-002
2.1201661595521042E+001	-1.6928427999999999E-002
2.1306560887527404E+001	-1.7438858000000002E-002
2.1411461609490008E+001	-1.7863802000000002E-002
2.1516363941778142E+001	-1.8199096000000001E-002
2.1621268080072635E+001	-1.8441042000000001E-002
2.1726174233984505E+001	-1.8586353999999999E-002
2.1831082625729714E+001	-1.8632230000000000E-002
2.1935993488798420E+001	-1.8576378000000001E-002
2.2040907066784023E+001	-1.8416993999999999E-002
2.2145823612040417E+001	-1.8152826000000000E-002
2.2250743384938385E+001	-1.7783150000000001E-002
2.2355666652418645E+001	-1.7307848000000001E-002
2.2460593686261507E+001	-1.6727361999999999E-002
2.2565524761193636E+001	-1.6042760000000000E-002
2.2670460152991005E+001	-1.5255685999999999E-002
2.2775400136694401E+001	-1.4368372000000001E-002
2.2880344984793325E+001	-1.3383671999999999E-002
2.2985294965378422E+001	-1.2305048000000001E-002
2.3090250340230192E+001	-1.1136561999999999E-002
2.3195211363271383E+001	-9.8828300000000004E-003
2.3300178279081834E+001	-8.5490540000000004E-003
2.3405151321495037E+001	-7.1409739999999996E-003
2.3510130712244205E+001	-5.6648999999999996E-003
2.3615116659680915E+001	-4.1276580000000002E-003
2.3720109357454721E+001	-2.5365180000000002E-003
2.3825108983187565E+001	-8.9923979999999998E-004
2.3930115696926595E+001	7.7603660000000001E-004
2.4035129639902852E+001	2.4807779999999999E-003
2.4140150933021221E+001	4.2060620000000000E-003
2.4245179675155789E+001	5.9427000000000004E-003
2.4350214574775283E+001	7.6812299999999998E-003
2.4455248412719207E+001	9.4119960000000006E-003
2.4560280046954755E+001	1.1125046000000000E-002
2.4665309404786083E+001	1.2810474000000001E-002
2.4770336439170485E+001	1.4458326000000001E-002
2.4875361128845590E+001	1.6058612000000000E-002
2.4980383478716892E+001	1.7601436000000002E-002
2.5085403520219170E+001	1.9077000000000000E-002
2.5190421311238783E+001	2.0475739999999999E-002
2.5295436936085348E+001	2.1788300000000000E-002
2.5400450505394545E+001	2.3005640000000001E-002
2.5505462156016058E+001	2.4119020000000001E-002
2.5610472050577883E+001	2.5120060000000000E-002
2.5715480376975925E+001	2.6000900000000000E-002
2.5820487347768896E+001	2.6754159999999999E-002
2.5925493199582430E+001	2.7373060000000001E-002
2.6030498191960575E+001	2.7851460000000001E-002
2.6135502606099550E+001	2.8183799999999998E-002
2.6240506743586188E+001	2.8365220000000000E-002
2.6345510924651830E+001	2.8391639999999999E-002
2.6450515486539864E+001	2.8259719999999999E-002
2.6555520781556652E+001	2.7966999999999999E-002
2.6660527174562560E+001	2.7511839999999999E-002
2.6765535040838145E+001	2.6893420000000001E-002
2.6870544763856689E+001	2.6111880000000001E-002
2.6975556732756722E+001	2.5168340000000001E-002
2.7080571340152275E+001	2.4064780000000001E-002
2.7185588979228271E+001	2.2804140000000001E-002
2.7290610040751364E+001	2.1390320000000001E-002
2.7395634910710733E+001	1.9828056000000000E-002
2.7500663967970905E+001	1.8123054000000000E-002
2.7605697581782412E+001	1.6281942000000001E-002
2.7710736108681772E+001	1.4312244000000000E-002
2.7815779889627983E+001	1.2222382000000000E-002
2.7920829247519620E+001	1.0021728000000001E-002
2.8025884484703433E+001	7.7203740000000003E-003
2.8130945879966987E+001	5.3291420000000003E-003
2.8236013686402593E+001	2.8594160000000000E-003
2.8341088128687915E+001	3.2340039999999997E-004
2.8446169401367868E+001	-2.2660940000000002E-003
2.8551257666629649E+001	-4.8957640000000004E-003
2.8656353051506073E+001	-7.5516840000000003E-003
2.8761452800220301E+001	-1.0219458000000001E-002
2.8866546044950880E+001	-1.2884186000000001E-002
2.8971631527326451E+001	-1.5530544000000000E-002
2.9076709066946780E+001	-1.8143194000000001E-002
2.9181778524081860E+001	-2.0706639999999998E-002
2.9286839800567748E+001	-2.3205159999999999E-002
2.9391892839981626E+001	-2.5622880000000001E-002
2.9496937629448755E+001	-2.7943920000000001E-002
2.9601974200548227E+001	-3.0152620000000002E-002
2.9707002629481643E+001	-3.2233440000000002E-002
2.9812023036657120E+001	-3.4170939999999997E-002
2.9917035586928886E+001	-3.5950000000000003E-002
3.0022040489244020E+001	-3.7556319999999997E-002
3.0127037995917043E+001	-3.8975740000000002E-002
3.0232028400981687E+001	-4.0194899999999999E-002
3.0337012038440356E+001	-4.1201179999999997E-002
3.0441989281409459E+001	-4.1982779999999997E-002
3.0546960540012936E+001	-4.2528919999999998E-002
3.0651926256213471E+001	-4.2829920000000000E-002
3.0756886902344789E+001	-4.2876820000000003E-002
3.0861842979450319E+001	-4.2662060000000002E-002
3.0966795010466210E+001	-4.2179540000000001E-002
3.1071743536961730E+001	-4.1424080000000002E-002
3.1176689115713465E+001	-4.0392280000000003E-002
3.1281632312508290E+001	-3.9082319999999997E-002
3.1386573697036788E+001	-3.7493499999999999E-002
3.1491513840101302E+001	-3.5626840000000000E-002
3.1596453307754754E+001	-3.3485540000000001E-002
3.1701392654300992E+001	-3.1073900000000002E-002
3.1806332417291774E+001	-2.8398300000000001E-002
3.1911273111381838E+001	-2.5467119999999999E-002
3.2016215225319534E+001	-2.2290700000000000E-002
3.2121159213651225E+001	-1.8880376000000001E-002
3.2226105495988840E+001	-1.5250170000000000E-002
3.2331054447226080E+001	-1.1416008000000000E-002
3.2436006397316405E+001	-7.3944019999999996E-003
3.2540961623782671E+001	-3.2050360000000001E-003
3.2645920347645031E+001	1.1321844000000000E-003
3.2750882731854936E+001	5.5959540000000002E-003
3.2855848879355349E+001	1.0164306000000000E-002
3.2960818826593645E+001	1.4814188000000001E-002
3.3065788682378134E+001	1.9519920000000000E-002
3.3170739508637006E+001	2.4255140000000001E-002
3.3275668160794510E+001	2.8989660000000000E-002
3.3380573978055239E+001	3.3693840000000003E-002
3.3485456370628320E+001	3.8335279999999999E-002
3.3590314825917204E+001	4.2878699999999999E-002
3.3695148916904472E+001	4.7288320000000002E-002
3.3799958303916796E+001	5.1522220000000001E-002
3.3904742750006918E+001	5.5536879999999997E-002
3.4009502126013253E+001	5.9286940000000003E-002
3.4114236411984194E+001	6.2723580000000001E-002
3.4218945709205961E+001	6.5797560000000005E-002
3.4323630241307256E+001	6.8458119999999997E-002
3.4428290363235746E+001	7.0653540000000001E-002
3.4532913961412333E+001	7.2331400000000004E-002
3.4637434138357911E+001	7.3441820000000005E-002
3.4741864288057194E+001	7.3937199999999995E-002
3.4846235999706956E+001	7.3773560000000002E-002
3.4950585171751584E+001	7.2910279999999994E-002
3.5054951930411576E+001	7.1311760000000002E-002
3.5159371212239584E+001	6.8946779999999999E-002
3.5263774320170832E+001	6.5790399999999999E-002
3.5368161160225036E+001	6.1828960000000002E-002
3.5472566165036760E+001	5.7058060000000001E-002
3.5577012049061842E+001	5.1479959999999998E-002
3.5681454322711247E+001	4.5106439999999998E-002
3.5785887691594858E+001	3.7968340000000003E-002
3.5890313776862122E+001	3.0107960000000000E-002
3.5994734155665164E+001	2.1582000000000000E-002
3.6099150339969299E+001	1.2461274000000000E-002
3.6203563747070397E+001	2.8265520000000000E-003
3.6307975682272044E+001	-7.2253619999999999E-003
3.6412387318045290E+001	-1.7587953999999999E-002
3.6516799664011934E+001	-2.8143319999999999E-002
3.6621212191089391E+001	-3.8762079999999997E-002
3.6725590441887569E+001	-4.9308200000000003E-002
3.6829918524315957E+001	-5.9633859999999997E-002
3.6934195975489359E+001	-6.9590020000000002E-002
3.7038422708533432E+001	-7.9029680000000005E-002
3.7142599004494777E+001	-8.7808479999999994E-002
3.7246725541471491E+001	-9.5790559999999997E-002
3.7350803376473557E+001	-1.0284140000000000E-001
3.7454833973078273E+001	-1.0882980000000000E-001
3.7558819196299218E+001	-1.1363134000000000E-001
3.7662761273329743E+001	-1.1712939999999999E-001
3.7766662775264322E+001	-1.1922238000000000E-001
3.7870526595545023E+001	-1.1982072000000001E-001
3.7974355924117141E+001	-1.1885368000000000E-001
3.8078154206210399E+001	-1.1627076000000000E-001
3.8181925101821662E+001	-1.1203768000000000E-001
3.8285672471827979E+001	-1.0614604000000000E-001
3.8389400328749950E+001	-9.8611299999999999E-002
3.8493112794019176E+001	-8.9478859999999993E-002
3.8596814057826506E+001	-7.8819739999999999E-002
3.8700508330951578E+001	-6.6732379999999994E-002
3.8804199805504240E+001	-5.3346020000000001E-002
3.8907892613379822E+001	-3.8812140000000002E-002
3.9011590745889997E+001	-2.3310500000000001E-002
3.9115297992075369E+001	-7.0497279999999999E-003
3.9219017861335622E+001	9.7418660000000001E-003
3.9322753504534866E+001	2.6805460000000000E-002
3.9426507654987212E+001	4.3872800000000003E-002
3.9530282565284999E+001	6.0662559999999997E-002
3.9634055763988854E+001	7.6891520000000005E-002
3.9737774996608792E+001	9.2275720000000006E-002
3.9841439165443461E+001	1.0654094000000000E-001
3.9945049646740280E+001	1.1943856000000000E-001
4.0048608384383499E+001	1.3074558000000000E-001
4.0152117865162367E+001	1.4026568000000000E-001
4.0255581063278981E+001	1.4783692000000001E-001
4.0359001409746234E+001	1.5332760000000001E-001
4.0462382723011842E+001	1.5664123999999999E-001
4.0565729128985680E+001	1.5771708000000001E-001
4.0669045027090206E+001	1.5652898000000001E-001
4.0772335025714916E+001	1.5306977999999999E-001
4.0875603934700202E+001	1.4734504000000001E-001
4.0978856740934617E+001	1.3938226000000001E-001
4.1082098558176632E+001	1.2923240000000000E-001
4.1185334585852139E+001	1.1697696000000000E-001
4.1288570066688607E+001	1.0272870000000001E-001
4.1391810212662982E+001	8.6636879999999999E-002
4.1495060200528975E+001	6.8889779999999998E-002
4.1598325103235673E+001	4.9700899999999999E-002
4.1701609820997263E+001	2.9311219999999999E-002
4.1804919015506151E+001	7.9937979999999999E-003
4.1908257031754566E+001	-1.3955472000000000E-002
4.2011627794184363E+001	-3.6219899999999999E-002
4.2115034723046740E+001	-5.8462699999999999E-002
4.2218480587505709E+001	-8.0329360000000002E-002
4.2321914994762466E+001	-1.0145136000000000E-001
4.2425290613937314E+001	-1.2144803999999999E-001
4.2528608190587910E+001	-1.3995404000000000E-001
4.2631869217349497E+001	-1.5662867999999999E-001
4.2735075902012092E+001	-1.7115917999999999E-001
4.2838231178168918E+001	-1.8326903999999999E-001
4.2941338651672595E+001	-1.9272950000000000E-001
4.3044402530617795E+001	-1.9935710000000001E-001
4.3147427535803168E+001	-2.0302500000000001E-001
4.3250418810565243E+001	-2.0365759999999999E-001
4.3353381777391249E+001	-2.0123659999999999E-001
4.3456322162535031E+001	-1.9578657999999999E-001
4.3559245929603534E+001	-1.8737644000000001E-001
4.3662159202467251E+001	-1.7611066000000000E-001
4.3765068229004747E+001	-1.6211829999999999E-001
4.3867979329776539E+001	-1.4555404000000000E-001
4.3970898839036188E+001	-1.2659550000000000E-001
4.4073833063658917E+001	-1.0545116000000000E-001
4.4176788233300094E+001	-8.2358239999999999E-002
4.4279770398165219E+001	-5.7584900000000001E-002
4.4382785354917274E+001	-3.1427620000000003E-002
4.4485838558921913E+001	-4.2173640000000004E-003
4.4588935049171411E+001	2.3684640000000000E-002
4.4692079348678540E+001	5.1889079999999997E-002
4.4795275339736669E+001	7.9984840000000001E-002
4.4898526076162213E+001	1.0753738000000000E-001
4.5001766507359029E+001	1.3410047999999999E-001
4.5104938791105418E+001	1.5920416000000001E-001
4.5208043694343182E+001	1.8238286000000001E-001
4.5311082856540075E+001	2.0319619999999999E-001
4.5414058814493281E+001	2.2122880000000000E-001
4.5516974947887050E+001	2.3610780000000001E-001
4.5619835443908364E+001	2.4751360000000000E-001
4.5722645364800037E+001	2.5518059999999998E-001
4.5825410529905149E+001	2.5891419999999998E-001
4.5928137395682157E+001	2.5860359999999999E-001
4.6030832929887957E+001	2.5421640000000001E-001
4.6133504506565274E+001	2.4580099999999999E-001
4.6236159789029969E+001	2.3347799999999999E-001
4.6338806635098052E+001	2.1743160000000000E-001
4.6441453038781894E+001	1.9789124000000000E-001
4.6544107067078514E+001	1.7511399999999999E-001
4.6646776748913119E+001	1.4938686000000001E-001
4.6749470012488693E+001	1.2102124000000000E-001
4.6852194614547663E+001	9.0359159999999994E-002
4.6954957969465383E+001	5.7777719999999998E-002
4.7057767067725202E+001	2.3691120000000000E-002
4.7160628391654448E+001	-1.1445030000000000E-002
4.7263547782266386E+001	-4.7138960000000001E-002
4.7366530329607208E+001	-8.2872240000000000E-002
4.7469580263453388E+001	-1.1810437999999999E-001
4.7572670766186576E+001	-1.5228588000000001E-001
4.7675688765261668E+001	-1.8484062000000001E-001
4.7778623774462503E+001	-2.1517000000000000E-001
4.7881477431222308E+001	-2.4271300000000001E-001
4.7984252388217371E+001	-2.6693539999999999E-001
4.8086952299912468E+001	-2.8734219999999999E-001
4.8189581954929892E+001	-3.0348900000000001E-001
4.8292147230441373E+001	-3.1500840000000002E-001
4.8394654999719457E+001	-3.2161659999999997E-001
4.8497113029501300E+001	-3.2313140000000001E-001
4.8599529854535305E+001	-3.1947700000000001E-001
4.8701914595069148E+001	-3.1069140000000001E-001
4.8804276818683064E+001	-2.9691180000000000E-001
4.8906626426684241E+001	-2.7836719999999998E-001
4.9008973563175523E+001	-2.5536260000000000E-001
4.9111328406599426E+001	-2.2825719999999999E-001
4.9213700996695550E+001	-1.9744084000000001E-001
4.9316101202612764E+001	-1.6332822000000000E-001
4.9418538615688817E+001	-1.2635214000000000E-001
4.9521022437065319E+001	-8.6977960000000007E-002
4.9623561342578377E+001	-4.5709760000000002E-002
4.9726163360288254E+001	-3.0929840000000000E-003
4.9828835748331514E+001	4.0281240000000003E-002
4.9931584855864145E+001	8.3785399999999996E-002
5.0034415986964802E+001	1.2676354000000001E-001
5.0137332687032220E+001	1.6853598000000000E-001
5.0240230772143235E+001	2.0841560000000001E-001
5.0343032278928980E+001	2.4567320000000001E-001
5.0445739009009721E+001	2.7960900000000000E-001
5.0548353902401331E+001	3.0959059999999999E-001
5.0650881111657768E+001	3.3502260000000000E-001
5.0753326032347672E+001	3.5538300000000000E-001
5.0855695277080748E+001	3.7023420000000001E-001
5.0957996595509918E+001	3.7924279999999999E-001
5.1060238801463044E+001	3.8219280000000000E-001
5.1162431655608309E+001	3.7899240000000001E-001
5.1264585685518881E+001	3.6968160000000000E-001
5.1366712005836547E+001	3.5442839999999998E-001
5.1468822272528890E+001	3.3350780000000002E-001
5.1570928226934008E+001	3.0729699999999999E-001
5.1673041542879176E+001	2.7624720000000003E-001
5.1775173772293442E+001	2.4085080000000000E-001
5.1877336281913948E+001	2.0161319999999999E-001
5.1979540143215168E+001	1.5905232000000000E-001
5.2081795984640806E+001	1.1370680000000000E-001
5.2184113848728188E+001	6.6151199999999993E-002
5.2286503040865050E+001	1.7009268000000001E-002
5.2388971993726166E+001	-3.3050480000000000E-002
5.2491528135205627E+001	-8.3310659999999995E-002
5.2594177744912834E+001	-1.3301652000000000E-001
5.2696925784782827E+001	-1.8138580000000001E-001
5.2799703831169616E+001	-2.2762220000000000E-001
5.2902377124201010E+001	-2.7089859999999999E-001
5.3004944399699589E+001	-3.1038719999999997E-001
5.3107409151887737E+001	-3.4535919999999998E-001
5.3209776251254375E+001	-3.7514300000000000E-001
5.3312051752200247E+001	-3.9915580000000001E-001
5.3414242965367826E+001	-4.1691660000000003E-001
5.3516358460782314E+001	-4.2805919999999997E-001
5.3618407968270475E+001	-4.3235200000000001E-001
5.3720402276296532E+001	-4.2970259999999999E-001
5.3822353111667148E+001	-4.2015799999999998E-001
5.3924273032155270E+001	-4.0390320000000002E-001
5.4026174929688295E+001	-3.8125300000000001E-001
5.4128071787396301E+001	-3.5263539999999999E-001
5.4229976561687955E+001	-3.1856360000000000E-001
5.4331902060989513E+001	-2.7960679999999999E-001
5.4433860838874885E+001	-2.3635000000000000E-001
5.4535865116665370E+001	-1.8938062000000000E-001
5.4637926641504663E+001	-1.3929446000000001E-001
5.4740056544776920E+001	-8.6716940000000006E-002
5.4842265170888929E+001	-3.2321559999999999E-002
5.4944561922969037E+001	2.3158539999999998E-002
5.5046955111774132E+001	7.8938800000000003E-002
5.5149451820810370E+001	1.3418147999999999E-001
5.5252057715767961E+001	1.8801248000000001E-001
5.5354746352162195E+001	2.3954259999999999E-001
5.5457346112521705E+001	2.8786580000000001E-001
5.5559831757958584E+001	3.3203919999999998E-001
5.5662207106795265E+001	3.7124220000000002E-001
5.5764477449845522E+001	4.0473280000000000E-001
5.5866649399915474E+001	4.3186999999999998E-001
5.5968730767095316E+001	4.5213759999999997E-001
5.6070730692251935E+001	4.6514600000000000E-001
5.6172659579770311E+001	4.7065839999999998E-001
5.6274529001267027E+001	4.6858580000000000E-001
5.6376351684588506E+001	4.5899259999999997E-001
5.6478141080979334E+001	4.4208140000000001E-001
5.6579910985841416E+001	4.1819620000000002E-001
5.6681675370407895E+001	3.8780460000000000E-001
5.6783448215233172E+001	3.5146719999999998E-001
5.6885243313025157E+001	3.0981080000000000E-001
5.6987074134511175E+001	2.6348060000000001E-001
5.7088953759939137E+001	2.1312100000000000E-001
5.7190894778268330E+001	1.5937425999999999E-001
5.7292909141889723E+001	1.0290090000000000E-001
5.7395007998675069E+001	4.4407639999999998E-002
5.7497201511907029E+001	-1.5330438000000000E-002
5.7599498700786185E+001	-7.5476379999999996E-002
5.7701907280681432E+001	-1.3512550000000001E-001
5.7804433477798327E+001	-1.9332588000000001E-001
5.7907061528076738E+001	-2.4910760000000001E-001
5.8009610202580156E+001	-3.0149100000000001E-001
5.8112037873879309E+001	-3.4945100000000001E-001
5.8214348501971919E+001	-3.9210060000000002E-001
5.8316547621161604E+001	-4.2864279999999999E-001
5.8418642195102855E+001	-4.5838940000000000E-001
5.8520640416069270E+001	-4.8079139999999998E-001
5.8622551830537247E+001	-4.9544379999999999E-001
5.8724387305397713E+001	-5.0210480000000002E-001
5.8826158998323656E+001	-5.0069339999999996E-001
5.8927880241500105E+001	-4.9128959999999999E-001
5.9029565084832036E+001	-4.7411199999999998E-001
5.9131228022447146E+001	-4.4952720000000002E-001
5.9232883780653161E+001	-4.1802299999999998E-001
5.9334547067054920E+001	-3.8019439999999999E-001
5.9436232379602352E+001	-3.3670600000000001E-001
5.9537953881228241E+001	-2.8825160000000000E-001
5.9639725305932998E+001	-2.3551960000000000E-001
5.9741559886381424E+001	-1.7918706000000001E-001
5.9843470207944300E+001	-1.1993774000000000E-001
5.9945468056303902E+001	-5.8498019999999998E-002
6.0047564210210965E+001	4.3330280000000001E-003
6.0149768271090224E+001	6.7681759999999994E-002
6.0252088485026839E+001	1.3059680000000001E-001
6.0354531555010858E+001	1.9207083999999999E-001
6.0457100782038069E+001	2.5107380000000001E-001
6.0559643212887920E+001	3.0657899999999999E-001
6.0662058928880640E+001	3.5751519999999998E-001
6.0764351932661484E+001	4.0291860000000002E-001
6.0866527875166369E+001	4.4195440000000003E-001
6.0968593920517577E+001	4.7389880000000001E-001
6.1070558537783306E+001	4.9817719999999999E-001
6.1172431466793547E+001	5.1437060000000001E-001
6.1274223821991775E+001	5.2223260000000005E-001
6.1375948092896571E+001	5.2168440000000005E-001
6.1477617945259382E+001	5.1281580000000004E-001
6.1579247854412408E+001	4.9585180000000001E-001
6.1680852822287591E+001	4.7116439999999998E-001
6.1782448082310808E+001	4.3925259999999999E-001
6.1884048877584952E+001	4.0072700000000000E-001
6.1985670242760847E+001	3.5627840000000000E-001
6.2087326857045198E+001	3.0663540000000000E-001
6.2189032941192302E+001	2.5252140000000001E-001
6.2290802196235461E+001	1.9464086000000000E-001
6.2392647679005158E+001	1.3369458000000001E-001
6.2494581654473166E+001	7.0419140000000005E-002
6.2596615383373944E+001	5.6198740000000004E-003
6.2698758940148359E+001	-5.9810700000000001E-002
6.2801021021591566E+001	-1.2489762000000000E-001
6.2903408752331238E+001	-1.8859906000000001E-001
6.3005927482768286E+001	-2.4984580000000001E-001
6.3108449566887110E+001	-3.0757340000000000E-001
6.3210841559653794E+001	-3.6068600000000001E-001
6.3313107416720115E+001	-4.0816980000000003E-001
6.3415252805616078E+001	-4.4916319999999998E-001
6.3517284952813633E+001	-4.8291420000000002E-001
6.3619212455773528E+001	-5.0882240000000001E-001
6.3721045137983822E+001	-5.2645100000000000E-001
6.3822794210331814E+001	-5.3553940000000000E-001
6.3924472312618349E+001	-5.3600159999999997E-001
6.4026093259420151E+001	-5.2792399999999995E-001
6.4127671758931712E+001	-5.1153000000000004E-001
6.4229223072091045E+001	-4.8718660000000003E-001
6.4330762744517898E+001	-4.5539259999999998E-001
6.4432306368295940E+001	-4.1676059999999998E-001
6.4533869340237359E+001	-3.7199260000000001E-001
6.4635466693050134E+001	-3.2183400000000001E-001
6.4737112988149647E+001	-2.6703159999999998E-001
6.4838822251228322E+001	-2.0830779999999999E-001
6.4940607873946050E+001	-1.4637546000000001E-001
6.5042482468680063E+001	-8.1973740000000003E-002
6.5144457664432224E+001	-1.5906386000000002E-002
6.5246543906758234E+001	5.0928220000000003E-002
6.5348750269606683E+001	1.1754431999999999E-001
6.5451084247754466E+001	1.8288016000000001E-001
6.5553551557718194E+001	2.4583759999999999E-001
6.5656070759569985E+001	3.0532280000000001E-001
6.5758463500908775E+001	3.6023060000000001E-001
6.5860727676846039E+001	4.0949020000000003E-001
6.5962868846965748E+001	4.5221139999999999E-001
6.6064894166257176E+001	4.8761420000000000E-001
6.6166812236781396E+001	5.1507000000000003E-001
6.6268632872156218E+001	5.3411660000000005E-001
6.6370367249890975E+001	5.4447719999999999E-001
6.6472028009241839E+001	5.4605060000000005E-001
6.6573629008693047E+001	5.3891400000000000E-001
6.6675185054173269E+001	5.2328739999999996E-001
6.6776711556670989E+001	4.9952960000000002E-001
6.6878224258157715E+001	4.6813539999999998E-001
6.6979738979199141E+001	4.2971500000000001E-001
6.7081271365715324E+001	3.8497540000000002E-001
6.7182836702429242E+001	3.3467320000000000E-001
6.7284449798254201E+001	2.7957419999999999E-001
6.7386124918485010E+001	2.2041740000000001E-001
6.7487875704799137E+001	1.5792629999999999E-001
6.7589715035506259E+001	9.2841919999999994E-002
6.7691654833874210E+001	2.5964080000000000E-002
6.7793705856999424E+001	-4.1809699999999998E-002
6.7895877496626966E+001	-1.0949042000000000E-001
6.7998177566285975E+001	-1.7600498000000001E-001
6.8100612106873669E+001	-2.4023620000000001E-001
6.8203121426983287E+001	-3.0106840000000001E-001
6.8305510573823383E+001	-3.5738360000000002E-001
6.8407769139792194E+001	-4.0807520000000003E-001
6.8509902558831683E+001	-4.5223020000000003E-001
6.8611917898057627E+001	-4.8904540000000002E-001
6.8713823713028688E+001	-5.1786580000000004E-001
6.8815629792082333E+001	-5.3820760000000001E-001
6.8917347267674046E+001	-5.4977359999999997E-001
6.9018988763996603E+001	-5.5244760000000004E-001
6.9120568144187104E+001	-5.4629380000000005E-001
6.9222100257027137E+001	-5.3152619999999995E-001
6.9323600593091356E+001	-5.0849100000000003E-001
6.9425085024021584E+001	-4.7767559999999998E-001
6.9526569540984909E+001	-4.3968279999999998E-001
6.9628069988485706E+001	-3.9521899999999999E-001
6.9729601858974618E+001	-3.4504580000000001E-001
6.9831180170662748E+001	-2.8994140000000002E-001
6.9932819394477661E+001	-2.3065700000000000E-001
7.0034533386629732E+001	-1.6792328000000001E-001
7.0136335257131122E+001	-1.0248060000000001E-001
7.0238237186815681E+001	-3.5123200000000000E-002
7.0340250204469385E+001	3.3257780000000001E-002
7.0442383989709413E+001	1.0167436000000001E-001
7.0544646652784621E+001	1.6904859999999999E-001
7.0647044538034834E+001	2.3425180000000001E-001
7.0749546271229292E+001	2.9615180000000002E-001
7.0851946275282657E+001	3.5362600000000000E-001
7.0954214310219839E+001	4.0553820000000002E-001
7.1056355645537167E+001	4.5094679999999998E-001
7.1158377212280683E+001	4.8903020000000003E-001
7.1260287468142920E+001	5.1910860000000003E-001
7.1362096140937595E+001	5.4067639999999995E-001
7.1463814248785255E+001	5.5341419999999997E-001
7.1565454309702830E+001	5.5718939999999995E-001
7.1667030140518150E+001	5.5204819999999999E-001
7.1768556561809703E+001	5.3819700000000004E-001
7.1870049098208455E+001	5.1596799999999998E-001
7.1971523693942160E+001	4.8583759999999998E-001
7.2072996447860547E+001	4.4840059999999998E-001
7.2174483340633998E+001	4.0435779999999999E-001
7.2276000015424927E+001	3.5447319999999999E-001
7.2377561643976605E+001	2.9953500000000000E-001
7.2479182849161347E+001	2.4030499999999999E-001
7.2580877643600317E+001	1.7752229999999999E-001
7.2682659309150054E+001	1.1192696000000001E-001
7.2784540222431673E+001	4.4308359999999998E-002
7.2886531630722644E+001	-2.4452180000000000E-002
7.2988643446033990E+001	-9.3372339999999998E-002
7.3090884026392914E+001	-1.6137578000000000E-001
7.3193259978114753E+001	-2.2732980000000000E-001
7.3295753106417749E+001	-2.9009259999999998E-001
7.3398159338105472E+001	-3.4853540000000000E-001
7.3500432421940218E+001	-4.0150480000000000E-001
7.3602577432360960E+001	-4.4803660000000001E-001
7.3704601134117752E+001	-4.8729240000000001E-001
7.3806511842966799E+001	-5.1856939999999996E-001
7.3908319179954844E+001	-5.4134159999999998E-001
7.4010034035644679E+001	-5.5526460000000000E-001
7.4111668808281664E+001	-5.6018679999999998E-001
7.4213237226696407E+001	-5.5613500000000005E-001
7.4314754050982401E+001	-5.4330279999999997E-001
7.4416234789719226E+001	-5.2200679999999999E-001
7.4517695408852632E+001	-4.9270940000000002E-001
7.4619152072039768E+001	-4.5599339999999999E-001
7.4720620860789978E+001	-4.1255120000000001E-001
7.4822117539288897E+001	-3.6314459999999998E-001
7.4923657410125159E+001	-3.0856519999999998E-001
7.5025255231932576E+001	-2.4958120000000000E-001
7.5126925160535137E+001	-1.8693720000000000E-001
7.5228680639782667E+001	-1.2137133999999999E-001
7.5330534231761121E+001	-5.3667319999999998E-002
7.5432497392690451E+001	1.5304888000000001E-002
7.5534580268395430E+001	8.4569019999999995E-002
7.5636791472923335E+001	1.5305279999999999E-001
7.5739137882777896E+001	2.1962100000000001E-001
7.5841617077248870E+001	2.8312260000000000E-001
7.5944042510284604E+001	3.4242400000000001E-001
7.6046334025649969E+001	3.9636280000000002E-001
7.6148496489555612E+001	4.4393860000000002E-001
7.6250536478846513E+001	4.8429759999999999E-001
7.6352462145082228E+001	5.1671460000000002E-001
7.6454282996428688E+001	5.4064140000000005E-001
7.6556009768116269E+001	5.5571139999999997E-001
7.6657654688359074E+001	5.6175220000000003E-001
7.6759231377453645E+001	5.5877080000000001E-001
7.6860754491623453E+001	5.4694920000000002E-001
7.6962239487801412E+001	5.2658980000000000E-001
7.7063702322607895E+001	4.9814239999999999E-001
7.7165159186526864E+001	4.6217859999999999E-001
7.7266626216843150E+001	4.1938180000000003E-001
7.7368119254300211E+001	3.7051260000000003E-001
7.7469653687251849E+001	3.1636480000000000E-001
7.7571244363573939E+001	2.5771539999999998E-001
7.7672905533103560E+001	1.9531456000000000E-001
7.7774650749383852E+001	1.2990104000000000E-001
7.7876492707253476E+001	6.2252620000000002E-002
7.7978443025981136E+001	-6.7725279999999999E-003
7.8080512033697957E+001	-7.6207720000000007E-002
7.8182708548199869E+001	-1.4498933999999999E-001
7.8285039670742492E+001	-2.1198400000000001E-001
7.8387507352191363E+001	-2.7603780000000000E-001
7.8489938386835988E+001	-3.3601160000000002E-001
7.8592234800165414E+001	-3.9073819999999998E-001
7.8694401270687692E+001	-4.3919560000000002E-001
7.8796444211063204E+001	-4.8051640000000001E-001
7.8898371626455585E+001	-5.1395639999999998E-001
7.9000192902002127E+001	-5.3894699999999995E-001
7.9101918647099154E+001	-5.5509779999999997E-001
7.9203560965265652E+001	-5.6221580000000004E-001
7.9305133367483222E+001	-5.6028780000000000E-001
7.9406650418175587E+001	-5.4947919999999995E-001
7.9508127521175268E+001	-5.3007800000000005E-001
7.9609580608157330E+001	-5.0251780000000001E-001
7.9711025886392704E+001	-4.6735700000000002E-001
7.9812479543918528E+001	-4.2526799999999998E-001
7.9913957494965345E+001	-3.7700580000000000E-001
8.0015475213767800E+001	-3.2336399999999998E-001
8.0117047641001449E+001	-2.6512400000000003E-001
8.0218689125430160E+001	-2.0303920000000000E-001
8.0320413335702852E+001	-1.3784778000000000E-001
8.0422233102709541E+001	-7.0320380000000002E-002
8.0524160207859964E+001	-1.3028656000000000E-003
8.0626205167029454E+001	6.8248799999999998E-002
8.0728377010205378E+001	1.3728134000000000E-001
8.0830683070994667E+001	2.0466460000000000E-001
8.0933128783881656E+001	2.6924179999999998E-001
8.1035577639927538E+001	3.2986959999999999E-001
8.1137891317720999E+001	3.8538699999999998E-001
8.1240074282695176E+001	4.3473519999999999E-001
8.1342132755425979E+001	4.7703259999999997E-001
8.1444074565713890E+001	5.1151720000000001E-001
8.1545908968392951E+001	5.3759679999999999E-001
8.1647646426697023E+001	5.5485779999999996E-001
8.1749298846362095E+001	5.6308480000000005E-001
8.1850879606141973E+001	5.6224260000000004E-001
8.1952403165677239E+001	5.5247820000000003E-001
8.2053884871842385E+001	5.3406540000000002E-001
8.2155340627462067E+001	5.0742180000000003E-001
8.2256786645240084E+001	4.7309119999999999E-001
8.2358239150992418E+001	4.3173499999999998E-001
8.2459714122475816E+001	3.8410159999999999E-001
8.2561227111764083E+001	3.3098379999999999E-001
8.2662793142901904E+001	2.7316940000000001E-001
8.2764426652248147E+001	2.1141660000000001E-001
8.2866141408291384E+001	1.4646593999999999E-001
8.2967950362154056E+001	7.9082479999999997E-002
8.3069865444016997E+001	1.0101452000000000E-002
8.3171897341243721E+001	-5.9533179999999998E-002
8.3274055279154737E+001	-1.2877874000000000E-001
8.3376346808679870E+001	-1.9651086000000001E-001
8.3478777607032853E+001	-2.6157160000000002E-001
8.3581236943492272E+001	-3.2281300000000002E-001
8.3683561901749101E+001	-3.7907760000000001E-001
8.3785755358241772E+001	-4.2927999999999999E-001
8.3887823329685162E+001	-4.7252480000000002E-001
8.3989773461080659E+001	-5.0803339999999997E-001
8.4091614855357136E+001	-5.3519039999999996E-001
8.4193357826767780E+001	-5.5355960000000004E-001
8.4295014108433392E+001	-5.6290280000000004E-001
8.4396596933371811E+001	-5.6316299999999997E-001
8.4498120645202917E+001	-5.5446779999999996E-001
8.4599600516905980E+001	-5.3707640000000001E-001
8.4701052406058622E+001	-5.1138899999999998E-001
8.4802492516048048E+001	-4.7793520000000000E-001
8.4903937102372922E+001	-4.3736320000000001E-001
8.5005402201831743E+001	-3.9041360000000003E-001
8.5106903442454538E+001	-3.3787620000000002E-001
8.5208455935559940E+001	-2.8054220000000002E-001
8.5310074211509303E+001	-2.1917260000000000E-001
8.5411772147646175E+001	-1.5450878000000001E-001
8.5513562825458166E+001	-8.7310200000000004E-002
8.5615458332283154E+001	-1.8401812000000000E-002
8.5717469536880216E+001	5.1283519999999999E-002
8.5819605875661622E+001	1.2071278000000001E-001
8.5921875131908322E+001	1.8876641999999999E-001
8.6024283236410085E+001	2.5428440000000002E-001
8.6126755307054765E+001	3.1611380000000000E-001
8.6229100172715746E+001	3.7310320000000002E-001
8.6331312909786263E+001	4.2413620000000002E-001
8.6433399336624817E+001	4.6829999999999999E-001
8.6535366915672725E+001	5.0479879999999999E-001
8.6637224604166633E+001	5.3299560000000001E-001
8.6738982585267919E+001	5.5243200000000003E-001
8.6840652399689432E+001	5.6284760000000000E-001
8.6942247118821882E+001	5.6416500000000003E-001
8.7043780976987506E+001	5.5649179999999998E-001
8.7145269164175900E+001	5.4007620000000001E-001
8.7246727492845295E+001	5.1530200000000004E-001
8.7348172153023484E+001	4.8268660000000002E-001
8.7449619416604321E+001	4.4286540000000002E-001
8.7551085363831504E+001	3.9657280000000000E-001
8.7652585681972781E+001	3.4459659999999998E-001
8.7754135548199656E+001	2.8773260000000001E-001
8.7855749562890139E+001	2.2674739999999999E-001
8.7957441682870325E+001	1.6238548000000000E-001
8.8059225087810219E+001	9.5401580000000000E-002
8.8161111990296106E+001	2.6611500000000000E-002
8.8263113408281541E+001	-4.3064600000000001E-002
8.8365238948853090E+001	-1.1260564000000001E-001
8.8467496590007102E+001	-1.8089988000000001E-001
8.8569892482734801E+001	-2.4678939999999999E-001
8.8672368064219711E+001	-3.0911980000000000E-001
8.8774722649959600E+001	-3.6674099999999998E-001
8.8876944447372168E+001	-4.1851980000000000E-001
8.8979039082157783E+001	-4.6352939999999998E-001
8.9081013842434174E+001	-5.0095979999999996E-001
8.9182877529764966E+001	-5.3015360000000000E-001
8.9284640190306135E+001	-5.5063119999999999E-001
8.9386313210300585E+001	-5.6210959999999999E-001
8.9487909514888372E+001	-5.6449020000000005E-001
8.9589443220545661E+001	-5.5786040000000003E-001
8.9690929428607348E+001	-5.4245420000000000E-001
8.9792383895592337E+001	-5.1863720000000002E-001
8.9893822786468704E+001	-4.8691200000000001E-001
8.9995262386102368E+001	-4.4790020000000003E-001
9.0096718818973244E+001	-4.0232699999999999E-001
9.0198207835007281E+001	-3.5097460000000003E-001
9.0299744685488875E+001	-2.9464160000000000E-001
9.0401344051924966E+001	-2.3409620000000000E-001
9.0503019983701620E+001	-1.7008382000000000E-001
9.0604785772828834E+001	-1.0335446000000000E-001
9.0706653769157754E+001	-3.4714360000000000E-002
9.0808635151133458E+001	3.4929679999999998E-002
9.0910739715949333E+001	1.0456714000000000E-001
9.1012975655224722E+001	1.7309392000000001E-001
9.1115349355166970E+001	2.3935380000000001E-001
9.1217828213418358E+001	3.0218899999999999E-001
9.1320203696308440E+001	3.6045519999999998E-001
9.1422445887074133E+001	4.1299940000000002E-001
9.1524560202812921E+001	4.5887299999999998E-001
9.1626553738124429E+001	4.9725100000000000E-001
9.1728435126880527E+001	5.2745439999999999E-001
9.1830214282123421E+001	5.4898300000000000E-001
9.1931902403398112E+001	5.6152919999999995E-001
9.2033512227466872E+001	5.6497480000000000E-001
9.2135057751404531E+001	5.5938460000000001E-001
9.2236553970130601E+001	5.4498000000000002E-001
9.2338016578628597E+001	5.2210939999999995E-001
9.2439461711890885E+001	4.9126199999999998E-001
9.2540905656243623E+001	4.5304640000000002E-001
9.2642364566481092E+001	4.0817779999999998E-001
9.2743854242604556E+001	3.5743520000000001E-001
9.2845389995276051E+001	3.0161939999999998E-001
9.2946986570685766E+001	2.4150320000000000E-001
9.3048658090765713E+001	1.7783568000000000E-001
9.3150417937550515E+001	1.1136408000000000E-001
9.3252278576285420E+001	4.2886700000000000E-002
9.3354251328051305E+001	-2.6703220000000000E-002
9.3456346154898839E+001	-9.6406759999999994E-002
9.3558571438641110E+001	-1.6512921999999999E-001
9.3660933780159979E+001	-2.3171880000000000E-001
9.3763411474369846E+001	-2.9501660000000002E-001
9.3865797305375793E+001	-3.5387800000000003E-001
9.3968049242721008E+001	-4.0714000000000000E-001
9.4070172500716311E+001	-4.5383639999999997E-001
9.4172173991275940E+001	-4.9312899999999998E-001
9.4274062182554886E+001	-5.2431819999999996E-001
9.4375846848011832E+001	-5.4688460000000005E-001
9.4477539031185984E+001	-5.6049579999999999E-001
9.4579151312821196E+001	-5.6501219999999996E-001
9.4680697566324469E+001	-5.6047780000000003E-001
9.4782192686363203E+001	-5.4709859999999999E-001
9.4883652307006756E+001	-5.2520540000000004E-001
9.4985092526473565E+001	-4.9527199999999999E-001
9.5086529633239067E+001	-4.5789299999999999E-001
9.5187979817907447E+001	-4.1377280000000000E-001
9.5289458937734167E+001	-3.6368400000000001E-001
9.5390982373546635E+001	-3.0842760000000002E-001
9.5492564950145010E+001	-2.4877879999999999E-001
9.5594220877829486E+001	-1.8548838000000001E-001
9.5695963646038990E+001	-1.1929982000000000E-001
9.5797805850650974E+001	-5.1003500000000000E-002
9.5899758968059132E+001	1.8521033999999999E-002
9.6001833144890426E+001	8.8285240000000001E-002
9.6104036973046703E+001	1.5720361999999999E-001
9.6206377284293879E+001	2.2412779999999999E-001
9.6308848149910901E+001	2.8789599999999999E-001
9.6411255192808042E+001	3.4736519999999999E-001
9.6513527888227017E+001	4.0136480000000002E-001
9.6615671238123397E+001	4.4890000000000002E-001
9.6717691958193086E+001	4.8911900000000003E-001
9.6819598340016867E+001	5.2130180000000004E-001
9.6921400025175203E+001	5.4490839999999996E-001
9.7023107884201664E+001	5.5958240000000004E-001
9.7124734295467434E+001	5.6516400000000000E-001
9.7226293007683665E+001	5.6167440000000002E-001
9.7327798799438682E+001	5.4930599999999996E-001
9.7429267235841124E+001	5.2837299999999998E-001
9.7530714376056494E+001	4.9933539999999998E-001
9.7632156502288126E+001	4.6277439999999997E-001
9.7733609828184200E+001	4.1938340000000002E-001
9.7835090256277439E+001	3.6993060000000000E-001
9.7936613224241825E+001	3.1521739999999998E-001
9.8038193619383790E+001	2.5602399999999997E-001
9.8139845720988959E+001	1.9310482000000001E-001
9.8241583102907555E+001	1.2720284000000001E-001
9.8343418468032866E+001	5.9101359999999999E-002
9.8445363428661793E+001	-1.0333070000000000E-002
9.8547428289053528E+001	-8.0123780000000006E-002
9.8649621823400764E+001	-1.4919621999999999E-001
9.8751951069529269E+001	-2.1640760000000001E-001
9.8854415627477067E+001	-2.8059620000000002E-001
9.8956833021675635E+001	-3.4061720000000001E-001
9.9059115540942244E+001	-3.9529760000000003E-001
9.9161267980539094E+001	-4.4362180000000001E-001
9.9263296870317717E+001	-4.8472599999999999E-001
9.9365210331362036E+001	-5.1787200000000000E-001
9.9467017861309884E+001	-5.4249919999999996E-001
9.9568730179262957E+001	-5.5822839999999996E-001
9.9670359503179625E+001	-5.6487779999999999E-001
9.9771919449779531E+001	-5.6244660000000002E-001
9.9873424687513818E+001	-5.5111100000000002E-001
9.9974890713661608E+001	-5.3116859999999999E-001
1.0007633354080743E+002	-5.0306260000000003E-001
1.0017776944260348E+002	-4.6736000000000000E-001
1.0027921465995564E+002	-4.2474220000000001E-001
1.0038068514694783E+002	-3.7597039999999998E-001
1.0048219640736114E+002	-3.2184320000000000E-001
1.0058376340402461E+002	-2.6314440000000000E-001
1.0068540050001641E+002	-2.0062959999999999E-001
1.0078712137000679E+002	-1.3504012000000001E-001
1.0088893883924608E+002	-6.7151879999999997E-002
1.0099086466801953E+002	2.1812180000000000E-003
1.0109290933574030E+002	7.1993600000000005E-002
1.0119508181934734E+002	1.4122182000000000E-001
1.0129738938064827E+002	2.0872740000000001E-001
1.0139983710800149E+002	2.7334700000000001E-001
1.0150227590889946E+002	3.3393360000000000E-001
1.0160457945056380E+002	3.8931959999999999E-001
1.0170675231115302E+002	4.3845460000000003E-001
1.0180880082012463E+002	4.8046119999999998E-001
1.0191073291372223E+002	5.1458380000000004E-001
1.0201255794901746E+002	5.4023960000000004E-001
1.0211428648637842E+002	5.5702640000000003E-001
1.0221593053708929E+002	5.6474120000000005E-001
1.0231750357759420E+002	5.6336180000000002E-001
1.0241902015454929E+002	5.5304660000000005E-001
1.0252049568564239E+002	5.3407899999999997E-001
1.0262194613546612E+002	5.0688699999999998E-001
1.0272338776303647E+002	4.7202400000000000E-001
1.0282483682428401E+002	4.3015959999999998E-001
1.0292630931287110E+002	3.8204900000000003E-001
1.0302782078623527E+002	3.2848959999999999E-001
1.0312938626717684E+002	2.7027000000000001E-001
1.0323102018451702E+002	2.0814959999999999E-001
1.0333273629154574E+002	1.4287098000000001E-001
1.0343454751305124E+002	7.5203619999999999E-002
1.0353646573819567E+002	5.9901560000000000E-003
1.0363850159816182E+002	-6.3816579999999998E-002
1.0374066424537111E+002	-1.3316494000000001E-001
1.0384296114152559E+002	-2.0092320000000000E-001
1.0394539785712885E+002	-2.6592919999999998E-001
1.0404784711080870E+002	-3.2703359999999998E-001
1.0415016081694992E+002	-3.8307120000000000E-001
1.0425234315312208E+002	-4.3296920000000000E-001
1.0435440025776180E+002	-4.7583860000000000E-001
1.0445633989194498E+002	-5.1090760000000002E-001
1.0455817126170035E+002	-5.3757239999999995E-001
1.0465990478094517E+002	-5.5540840000000002E-001
1.0476155229979565E+002	-5.6419039999999998E-001
1.0486312715365253E+002	-5.6387460000000000E-001
1.0496464377287550E+002	-5.5460019999999999E-001
1.0506611749830563E+002	-5.3663580000000000E-001
1.0516756424094278E+002	-5.1039199999999996E-001
1.0526900024157987E+002	-4.7640759999999999E-001
1.0537044177510627E+002	-4.3533899999999998E-001
1.0547190488166167E+002	-3.8793299999999997E-001
1.0557340518146950E+002	-3.3498359999999999E-001
1.0567495777072840E+002	-2.7728180000000002E-001
1.0577657715908968E+002	-2.1558880000000000E-001
1.0587827719548385E+002	-1.5064675999999999E-001
1.0598007092121159E+002	-8.3218619999999993E-002
1.0608197036796740E+002	-1.4135676000000000E-002
1.0618398633453364E+002	5.5661320000000000E-002
1.0628612817024100E+002	1.2513173999999999E-001
1.0638840355593898E+002	1.9315018000000000E-001
1.0649081830384252E+002	2.5855420000000001E-001
1.0659328410043625E+002	3.2019039999999999E-001
1.0669561901093668E+002	3.7690360000000001E-001
1.0679782199413482E+002	4.2758800000000002E-001
1.0689989898450538E+002	4.7133920000000001E-001
1.0700185755360019E+002	5.0736919999999996E-001
1.0710370675453024E+002	5.3505199999999997E-001
1.0720545685679402E+002	5.5394140000000003E-001
1.0730711950927058E+002	5.6378960000000000E-001
1.0740870788426270E+002	5.6453160000000002E-001
1.0751023629082765E+002	5.5628639999999996E-001
1.0761171997853930E+002	5.3931059999999997E-001
1.0771317480325747E+002	5.1399760000000005E-001
1.0781461698370654E+002	4.8087320000000000E-001
1.0791606280256340E+002	4.4058079999999999E-001
1.0801752833481464E+002	3.9385979999999998E-001
1.0811902925196233E+002	3.4150160000000002E-001
1.0822058070895852E+002	2.8430139999999998E-001
1.0832219727949426E+002	2.2302480000000000E-001
1.0842389288696096E+002	1.5841590000000000E-001
1.0852568066670467E+002	9.1232839999999996E-002
1.0862757277270192E+002	2.2296900000000001E-002
1.0872958015027970E+002	-4.7464239999999998E-002
1.0883171231829417E+002	-1.1702216000000000E-001
1.0893397715214229E+002	-1.8525974000000001E-001
1.0903638068590139E+002	-2.5101679999999998E-001
1.0913885200891107E+002	-3.1313819999999998E-001
1.0924119719026706E+002	-3.7047099999999999E-001
1.0934340980933537E+002	-4.2189179999999998E-001
1.0944549560448615E+002	-4.6648260000000003E-001
1.0954746196862722E+002	-5.0344040000000001E-001
1.0964931779617918E+002	-5.3211880000000000E-001
1.0975107321460381E+002	-5.5205000000000004E-001
1.0985273971185696E+002	-5.6296299999999999E-001
1.0995433031013445E+002	-5.6477140000000003E-001
1.1005585919812486E+002	-5.5757400000000001E-001
1.1015734153706299E+002	-5.4161260000000000E-001
1.1025879312434807E+002	-5.1726300000000003E-001
1.1036023015090952E+002	-4.8503580000000002E-001
1.1046166890947158E+002	-4.4556040000000002E-001
1.1056312551593700E+002	-3.9956740000000002E-001
1.1066461570101897E+002	-3.4784240000000000E-001
1.1076615469061704E+002	-2.9118280000000002E-001
1.1086775713677282E+002	-2.3035600000000001E-001
1.1096943705364640E+002	-1.6610690000000000E-001
1.1107120768760419E+002	-9.9188120000000005E-002
1.1117308132901542E+002	-3.0411060000000000E-002
1.1127506908334772E+002	3.9309620000000003E-002
1.1137718066008597E+002	1.0895662000000000E-001
1.1147942414883467E+002	1.7742024000000001E-001
1.1158180581981676E+002	2.4354160000000000E-001
1.1168428344297509E+002	3.0616300000000002E-001
1.1178664985052683E+002	3.6413780000000001E-001
1.1188888319199189E+002	4.1631960000000001E-001
1.1199098899778615E+002	4.6177040000000003E-001
1.1209297446762424E+002	4.9967200000000001E-001
1.1219484833054875E+002	5.2935659999999995E-001
1.1229662057925259E+002	5.5033500000000002E-001
1.1239830251043176E+002	5.6231260000000005E-001
1.1249990696106737E+002	5.6518259999999998E-001
1.1260144800012196E+002	5.5902260000000004E-001
1.1270294068462215E+002	5.4406140000000003E-001
1.1280440075048439E+002	5.2065740000000005E-001
1.1290584435858128E+002	4.8930820000000003E-001
1.1300728780235877E+002	4.5062999999999998E-001
1.1310874722699519E+002	4.0534399999999998E-001
1.1321023841147668E+002	3.5423220000000000E-001
1.1331177663894194E+002	2.9809540000000001E-001
1.1341337662402090E+002	2.3770500000000000E-001
1.1351505245180839E+002	1.7380925999999999E-001
1.1361681745763659E+002	1.0715724000000000E-001
1.1371868404685057E+002	3.8551960000000003E-002
1.1382066346630913E+002	-3.1105560000000001E-002
1.1392276558920275E+002	-1.0080994000000000E-001
1.1402499869416921E+002	-1.6946085999999999E-001
1.1412736926561021E+002	-2.3590359999999999E-001
1.1422984728318870E+002	-2.9897960000000001E-001
1.1433222412221771E+002	-3.5754239999999998E-001
1.1443446731040844E+002	-4.1043479999999999E-001
1.1453658217666711E+002	-4.5670200000000000E-001
1.1463857573851489E+002	-4.9551260000000003E-001
1.1474045655971246E+002	-5.2617800000000003E-001
1.1484223449201077E+002	-5.4818979999999995E-001
1.1494392067368986E+002	-5.6122859999999997E-001
1.1504552778513001E+002	-5.6516679999999997E-001
1.1514706977073918E+002	-5.6006020000000001E-001
1.1524856158754496E+002	-5.4612340000000004E-001
1.1535001890899611E+002	-5.2369619999999995E-001
1.1545145785879754E+002	-4.9326100000000001E-001
1.1555289473194036E+002	-4.5541979999999999E-001
1.1565434570835805E+002	-4.1088340000000001E-001
1.1575582662272350E+002	-3.6042740000000001E-001
1.1585735282660092E+002	-3.0485299999999999E-001
1.1595893911129795E+002	-2.4493380000000001E-001
1.1606059964884363E+002	-1.8141940000000001E-001
1.1616234788079004E+002	-1.1505482000000000E-001
1.1626419634233544E+002	-4.6634759999999997E-002
1.1636615643454843E+002	2.2953720000000000E-002
1.1646823821457558E+002	9.2715679999999995E-002
1.1657045017030843E+002	1.6155980000000000E-001
1.1667279901665090E+002	2.2833480000000000E-001
1.1677527318176925E+002	2.9187920000000001E-001
1.1687767132789618E+002	3.5104980000000002E-001
1.1697993537085932E+002	4.0467819999999999E-001
1.1708207042762351E+002	4.5178320000000000E-001
1.1718408331937175E+002	4.9151940000000000E-001
1.1728598243436896E+002	5.2317780000000003E-001
1.1738777749177720E+002	5.4622919999999997E-001
1.1748947945187639E+002	5.6033040000000001E-001
1.1759110079419207E+002	5.6533299999999997E-001
1.1769265533966117E+002	5.6127039999999995E-001
1.1779415793041611E+002	5.4834360000000004E-001
1.1789562417170205E+002	5.2687600000000001E-001
1.1799707014879864E+002	4.9733559999999999E-001
1.1809851215069772E+002	4.6031159999999999E-001
1.1819996638043041E+002	4.1650359999999997E-001
1.1830144871737508E+002	3.6668319999999999E-001
1.1840297456876172E+002	3.1165219999999999E-001
1.1850455878723557E+002	2.5218920000000000E-001
1.1860621561304686E+002	1.8904741999999999E-001
1.1870795857201315E+002	1.2297039999999999E-001
1.1880980030686406E+002	5.4745620000000002E-002
1.1891175235485360E+002	-1.4753198000000000E-002
1.1901382493121875E+002	-8.4543040000000000E-002
1.1911602670703944E+002	-1.5354325999999999E-001
1.1921836460447061E+002	-2.2060820000000000E-001
1.1932083401989567E+002	-2.8457620000000000E-001
1.1942324272596689E+002	-3.4430280000000002E-001
1.1952551679349665E+002	-3.9861540000000001E-001
1.1962766113307478E+002	-4.4651279999999999E-001
1.1972968238002177E+002	-4.8713780000000001E-001
1.1983158875217551E+002	-5.1976199999999995E-001
1.1993338982490002E+002	-5.4383640000000000E-001
1.2003509640461793E+002	-5.5899420000000000E-001
1.2013672081039947E+002	-5.6506520000000005E-001
1.2023827673221507E+002	-5.6206120000000004E-001
1.2033977890293156E+002	-5.5016679999999996E-001
1.2044124286034217E+002	-5.2968859999999995E-001
1.2054268464404795E+002	-5.0107820000000003E-001
1.2064412053576487E+002	-4.6491060000000001E-001
1.2074556676655718E+002	-4.2187320000000000E-001
1.2084703926744059E+002	-3.7273139999999999E-001
1.2094855351145992E+002	-3.1828440000000002E-001
1.2105012442631534E+002	-2.5931399999999999E-001
1.2115176633598504E+002	-1.9657466000000001E-001
1.2125349286766476E+002	-1.3080790000000000E-001
1.2135531678741839E+002	-6.2793580000000002E-002
1.2145724978134669E+002	6.6076959999999997E-003
1.2155930224139559E+002	7.6423820000000003E-002
1.2166148304252803E+002	1.4558492000000001E-001
1.2176379933200590E+002	2.1294940000000001E-001
1.2186625474157653E+002	2.7735399999999999E-001
1.2196868482341662E+002	3.3765299999999998E-001
1.2207097986684123E+002	3.9267600000000003E-001
1.2217314456647155E+002	4.4138840000000001E-001
1.2227518535815220E+002	4.8291960000000000E-001
1.2237711027658918E+002	5.1652319999999996E-001
1.2247892875892305E+002	5.4162820000000000E-001
1.2258065144886018E+002	5.5784460000000002E-001
1.2268229045817328E+002	5.6498139999999997E-001
1.2278385934116356E+002	5.6302779999999997E-001
1.2288537270956530E+002	5.5215280000000000E-001
1.2298684602440299E+002	5.3264719999999999E-001
1.2308829527900669E+002	5.0494839999999996E-001
1.2318973674198764E+002	4.6961700000000001E-001
1.2329118666093019E+002	4.2732979999999998E-001
1.2339266100731257E+002	3.7884580000000001E-001
1.2349417530811385E+002	3.2496320000000001E-001
1.2359574455109636E+002	2.6646940000000002E-001
1.2369738312629369E+002	2.0412220000000000E-001
1.2379910474053381E+002	1.3866370000000000E-001
1.2390092226080361E+002	7.0867379999999994E-002
1.2400284750347717E+002	1.5820048000000000E-003
1.2410489101341173E+002	-6.8232879999999996E-002
1.2420706184258381E+002	-1.3751930000000001E-001
1.2430936733953644E+002	-2.0514199999999999E-001
1.2441181284933859E+002	-2.6993859999999997E-001
1.2451425357793553E+002	-3.3076139999999998E-001
1.2461655878414561E+002	-3.8644139999999999E-001
1.2471873295174072E+002	-4.3592180000000003E-001
1.2482078232646980E+002	-4.7832000000000002E-001
1.2492271476839771E+002	-5.1287340000000003E-001
1.2502453956520912E+002	-5.3898999999999997E-001
1.2512626721214382E+002	-5.5625700000000000E-001
1.2522790965913097E+002	-5.6446120000000000E-001
1.2532948032144338E+002	-5.6357060000000003E-001
1.2543099369507102E+002	-5.5373499999999998E-001
1.2553246516602108E+002	-5.3523060000000000E-001
1.2563391067498002E+002	-5.0847699999999996E-001
1.2573534647420770E+002	-4.7402060000000001E-001
1.2583678883184238E+002	-4.3252499999999999E-001
1.2593825376652356E+002	-3.8474120000000001E-001
1.2603975686825660E+002	-3.3146460000000000E-001
1.2614131319817352E+002	-2.7348460000000002E-001
1.2624293722731686E+002	-2.1156100000000000E-001
1.2634464275897595E+002	-1.4643516000000001E-001
1.2644644277767298E+002	-7.8873579999999999E-002
1.2654834924339778E+002	-9.7134439999999999E-003
1.2665037287024332E+002	6.0097619999999997E-002
1.2675252290834472E+002	1.2951273999999999E-001
1.2685480692643249E+002	1.9740250000000001E-001
1.2695723061066229E+002	2.6260400000000000E-001
1.2705969045029661E+002	3.2396500000000000E-001
1.2716201673713540E+002	3.8032759999999999E-001
1.2726421141871737E+002	4.3059960000000003E-001
1.2736628053789980E+002	4.7388400000000003E-001
1.2746823176634528E+002	5.0940200000000002E-001
1.2757007424231902E+002	5.3653879999999998E-001
1.2767181831300726E+002	5.5486000000000002E-001
1.2777347572491321E+002	5.6413020000000003E-001
1.2787505973643208E+002	5.6429600000000002E-001
1.2797658472191743E+002	5.5548759999999997E-001
1.2807806597960979E+002	5.3796840000000001E-001
1.2817951939679534E+002	5.1214179999999998E-001
1.2828096120544524E+002	4.7854059999999998E-001
1.2838240768322120E+002	4.3781599999999998E-001
1.2848387488472025E+002	3.9071180000000000E-001
1.2858537845172808E+002	3.3802120000000002E-001
1.2868693350428151E+002	2.8053780000000000E-001
1.2878855457771888E+002	2.1902559999999999E-001
1.2889025555067690E+002	1.5422822000000000E-001
1.2899204950295589E+002	8.6906520000000001E-002
1.2909394851840850E+002	1.7887310000000000E-002
1.2919596345889343E+002	-5.1894740000000002E-002
1.2929810374548092E+002	-1.2140479999999999E-001
1.2940037714272864E+002	-1.8952156000000001E-001
1.2950278956051193E+002	-2.5508380000000003E-001
1.2960525638053059E+002	-3.1693800000000000E-001
1.2970759297866164E+002	-3.7392799999999998E-001
1.2980979732452880E+002	-4.2494280000000001E-001
1.2991187526599995E+002	-4.6907260000000001E-001
1.3001383429670523E+002	-5.0552299999999994E-001
1.3011568339784637E+002	-5.3365859999999998E-001
1.3021743277337148E+002	-5.5302359999999995E-001
1.3031909400847852E+002	-5.6335939999999995E-001
1.3042068021355917E+002	-5.6459099999999995E-001
1.3052220564324716E+002	-5.5682860000000001E-001
1.3062368551032387E+002	-5.4032139999999995E-001
1.3072513564442167E+002	-5.1545439999999998E-001
1.3082657225207493E+002	-4.8274620000000001E-001
1.3092801162314927E+002	-4.4283339999999999E-001
1.3102946985448585E+002	-3.9645140000000001E-001
1.3113096264781902E+002	-3.4438839999999998E-001
1.3123250519462144E+002	-2.8744039999999998E-001
1.3133411210900195E+002	-2.2637280000000001E-001
1.3143579736144065E+002	-1.6192992000000000E-001
1.3153757414404134E+002	-9.4866699999999998E-002
1.3163945467868592E+002	-2.5999680000000001E-002
1.3174144998914858E+002	4.3749139999999999E-002
1.3184356968873706E+002	1.1335620000000000E-001
1.3194582175746149E+002	1.8170728000000000E-001
1.3204821234286396E+002	2.4764220000000001E-001
1.3215068822249273E+002	3.1000400000000000E-001
1.3225304600507124E+002	3.6764419999999998E-001
1.3235527101884037E+002	4.1942620000000003E-001
1.3245736890494246E+002	4.6442119999999998E-001
1.3255934696485241E+002	5.0181940000000003E-001
1.3266121401760520E+002	5.3096379999999999E-001
1.3276298013043703E+002	5.5137720000000001E-001
1.3286465669439536E+002	5.6277779999999999E-001
1.3296625664021394E+002	5.6506959999999995E-001
1.3306779410266944E+002	5.5834220000000001E-001
1.3316928419378763E+002	5.4283179999999998E-001
1.3327074268338646E+002	5.1890619999999998E-001
1.3337218575007878E+002	4.8707119999999998E-001
1.3347362968619328E+002	4.4794980000000001E-001
1.3357509061932402E+002	4.0226899999999999E-001
1.3367658430022647E+002	3.5081360000000000E-001
1.3377812597791163E+002	2.9438259999999999E-001
1.3387973032930759E+002	2.3374619999999999E-001
1.3398141139656082E+002	1.6965153999999999E-001
1.3408318246190612E+002	1.0284958000000000E-001
1.3418505586405325E+002	3.4148100000000001E-002
1.3428704276933030E+002	-3.5544439999999997E-002
1.3438915295614242E+002	-1.0521658000000000E-001
1.3449139459485625E+002	-1.7376306000000000E-001
1.3459377404902179E+002	-2.4002720000000000E-001
1.3469625174035039E+002	-3.0285139999999999E-001
1.3479861994916794E+002	-3.6108820000000003E-001
1.3490085479089961E+002	-4.1358699999999998E-001
1.3500296170655344E+002	-4.5940439999999999E-001
1.3510494781630629E+002	-4.9771640000000000E-001
1.3520682177547855E+002	-5.2784580000000003E-001
1.3530859351038717E+002	-5.4929459999999997E-001
1.3541027425278233E+002	-5.6175699999999995E-001
1.3551187677828105E+002	-5.6511659999999997E-001
1.3561341509838553E+002	-5.5944099999999997E-001
1.3571490422796728E+002	-5.4495240000000000E-001
1.3581635987540321E+002	-5.2200020000000003E-001
1.3591779818459165E+002	-4.9107460000000003E-001
1.3601923545162873E+002	-4.5278520000000000E-001
1.3612068784052761E+002	-4.0784840000000000E-001
1.3622217115864382E+002	-3.5704259999999999E-001
1.3632370072403796E+002	-3.0116860000000001E-001
1.3642529129067682E+002	-2.4099799999999999E-001
1.3652695698854180E+002	-1.7727928000000001E-001
1.3662871120731134E+002	-1.1075896000000000E-001
1.3673056641729485E+002	-4.2236120000000002E-002
1.3683253394049618E+002	2.7394660000000001E-002
1.3693462374107085E+002	9.7132360000000001E-002
1.3703684419995571E+002	1.6588042000000000E-001
1.3713920191267573E+002	2.3248500000000000E-001
1.3724167851072042E+002	2.9578579999999999E-001
1.3734406799839488E+002	3.5463899999999998E-001
1.3744632365346672E+002	4.0788039999999998E-001
1.3754845070613689E+002	4.5454119999999998E-001
1.3765045608111743E+002	4.9378339999999998E-001
1.3775234826072972E+002	5.2490879999999995E-001
1.3785413703895989E+002	5.4739919999999997E-001
1.3795583346566298E+002	5.6092439999999999E-001
1.3805745011901709E+002	5.6534759999999995E-001
1.3815900088882452E+002	5.6071400000000005E-001
1.3826050067755045E+002	5.4723279999999996E-001
1.3836196512724567E+002	5.2523620000000004E-001
1.3846341034555755E+002	4.9520100000000000E-001
1.3856485262437158E+002	4.5772340000000000E-001
1.3866630815242453E+002	4.1350920000000002E-001
1.3876779278273602E+002	3.6333320000000002E-001
1.3886932188937445E+002	3.0799700000000002E-001
1.3897091028789598E+002	2.4827759999999999E-001
1.3907257217708559E+002	1.8492626000000001E-001
1.3917432103205269E+002	1.1868811999999999E-001
1.3927616943250439E+002	5.0354540000000003E-002
1.3937812883800123E+002	-1.9193468000000002E-002
1.3948020937217308E+002	-8.8966760000000006E-002
1.3958241960068079E+002	-1.5787896000000001E-001
1.3968476632799147E+002	-2.2478180000000000E-001
1.3978723957773124E+002	-2.8851420000000000E-001
1.3988963959528368E+002	-3.4793200000000002E-001
1.3999190523163702E+002	-4.0186420000000000E-001
1.4009404151190350E+002	-4.4932380000000000E-001
1.4019605517598174E+002	-4.8946020000000001E-001
1.4029795453703883E+002	-5.2155540000000000E-001
1.4039974924640518E+002	-5.4507159999999999E-001
1.4050145019865820E+002	-5.5965460000000000E-001
1.4060306981233731E+002	-5.6514620000000004E-001
1.4070462184819394E+002	-5.6156980000000001E-001
1.4080612110168948E+002	-5.4911860000000001E-001
1.4090758314894458E+002	-5.2810840000000003E-001
1.4100902405408664E+002	-4.9899880000000002E-001
1.4111046010412468E+002	-4.6237240000000002E-001
1.4121190751766795E+002	-4.1892340000000000E-001
1.4131338220048738E+002	-3.6941960000000001E-001
1.4141489959313603E+002	-3.1466179999999999E-001
1.4151647458663555E+002	-2.5542920000000002E-001
1.4161812146427695E+002	-1.9247484000000001E-001
1.4171985380384456E+002	-1.2654096000000001E-001
1.4182168431006073E+002	-5.8411280000000003E-002
1.4192362459271959E+002	1.1046676000000000E-002
1.4202568495413368E+002	8.0854460000000003E-002
1.4212787416531725E+002	1.4993606000000001E-001
1.4223019925724566E+002	2.1714700000000001E-001
1.4233266126166012E+002	2.8132479999999999E-001
1.4243508263814843E+002	3.4132400000000002E-001
1.4253736921968800E+002	3.9597379999999999E-001
1.4263952581655428E+002	4.4425439999999999E-001
1.4274155897004695E+002	4.8530200000000001E-001
1.4284347681208092E+002	5.1838019999999996E-001
1.4294528885783322E+002	5.4292920000000000E-001
1.4304700583506707E+002	5.5857199999999996E-001
1.4314863995576451E+002	5.6512899999999999E-001
1.4325020484915760E+002	5.6260120000000002E-001
1.4335171519072057E+002	5.5116679999999996E-001
1.4345318648237478E+002	5.3112559999999998E-001
1.4355463474402535E+002	5.0292320000000001E-001
1.4365607625149553E+002	4.6712779999999998E-001
1.4375752724171545E+002	4.2442299999999999E-001
1.4385900366207616E+002	3.7557119999999999E-001
1.4396052100753752E+002	3.2137199999999999E-001
1.4406209422949348E+002	2.6261040000000002E-001
1.4416373767780817E+002	2.0004279999999999E-001
1.4426546501111554E+002	1.3441172000000001E-001
1.4436728903671687E+002	6.6494020000000001E-002
1.4446922149631959E+002	-2.8550180000000000E-003
1.4457127284649906E+002	-7.2669280000000003E-002
1.4467345203694478E+002	-1.4188448000000001E-001
1.4477576630143380E+002	-2.0936240000000000E-001
1.4487821981136364E+002	-2.7394039999999997E-001
1.4498065181335934E+002	-3.3447220000000000E-001
1.4508294852246630E+002	-3.8978600000000002E-001
1.4518511453931248E+002	-4.3884119999999999E-001
1.4528715621632617E+002	-4.8076200000000002E-001
1.4538908151184179E+002	-5.1479439999999999E-001
1.4549089979332962E+002	-5.4035800000000000E-001
1.4559262163864676E+002	-5.5705300000000002E-001
1.4569425909800353E+002	-5.6467760000000000E-001
1.4579582566398980E+002	-5.6321160000000003E-001
1.4589733589778163E+002	-5.5281499999999995E-001
1.4599880522867431E+002	-5.3377180000000002E-001
1.4610024962561775E+002	-5.0651040000000003E-001
1.4620168535053992E+002	-4.7158499999999998E-001
1.4630312866303495E+002	-4.2966620000000000E-001
1.4640459555888339E+002	-3.8150879999999998E-001
1.4650610159684797E+002	-3.2790960000000002E-001
1.4660766180214401E+002	-2.6965600000000001E-001
1.4670929060632909E+002	-2.0750660000000001E-001
1.4681100176580637E+002	-1.4220204000000000E-001
1.4691280820689957E+002	-7.4512599999999998E-002
1.4701472181634634E+002	-5.2814480000000002E-003
1.4711675322196496E+002	6.4536940000000001E-002
1.4721891157315798E+002	1.3388949999999999E-001
1.4732120432515308E+002	2.0164299999999999E-001
1.4742363703648982E+002	2.6663439999999999E-001
1.4752608987358812E+002	3.2771319999999998E-001
1.4762840764531691E+002	3.8371780000000000E-001
1.4773059414498070E+002	4.3357079999999998E-001
1.4783265552308092E+002	4.7638300000000000E-001
1.4793459955070594E+002	5.1138380000000005E-001
1.4803643544949276E+002	5.3797079999999997E-001
1.4813817364528788E+002	5.5572100000000002E-001
1.4823982598302462E+002	5.6441140000000001E-001
1.4834140580484191E+002	5.6400039999999996E-001
1.4844292754994359E+002	5.5462880000000003E-001
1.4854440656298769E+002	5.3656720000000002E-001
1.4864585876136374E+002	5.1022860000000003E-001
1.4874730038865951E+002	4.7615340000000000E-001
1.4884874771590032E+002	4.3499979999999999E-001
1.4895021677605305E+002	3.8751600000000003E-001
1.4905172318026274E+002	3.3449699999999999E-001
1.4915328201293008E+002	2.7673460000000000E-001
1.4925490777031860E+002	2.1499119999999999E-001
1.4935661428525211E+002	1.5000980000000000E-001
1.4945841458076475E+002	8.2554379999999997E-002
1.4956032066920926E+002	1.3457520000000001E-002
1.4966234332755630E+002	-5.6339279999999999E-002
1.4976449187771541E+002	-1.2579483999999999E-001
1.4986677397216368E+002	-1.9378377999999999E-001
1.4996919539516912E+002	-2.5914440000000000E-001
1.5000000000000000E+002	-3.2072420000000001E-001

 
