1.2972404926130121E-001	1.5434022000000001E+000
2.5172231426814068E-001	8.6150500000000001E+000
3.7336334257629578E-001	4.0487520000000004E+000
4.9523661642273792E-001	1.5840791999999999E+000
6.1785064954223756E-001	6.0732779999999997E-001
7.4157457789859504E-001	4.8008060000000002E-001
8.6626354537780159E-001	6.9798539999999998E-001
9.9166637767466093E-001	9.4246459999999999E-001
1.1175617603177463E+000	1.1005788000000001E+000
1.2437763939161715E+000	1.1811107999999999E+000
1.3702496926218812E+000	1.2348817999999999E+000
1.4969637259421269E+000	1.2422190000000000E+000
1.6239107341289445E+000	1.2569573999999999E+000
1.7510792543237408E+000	1.2518655999999999E+000
1.8784608894920201E+000	1.2616503999999999E+000
2.0060494451729611E+000	1.2499894000000000E+000
2.1338351202676162E+000	1.2460503999999999E+000
2.2618056219629938E+000	1.2470802000000001E+000
2.3899554239305689E+000	1.2310201999999999E+000
2.5182784126303774E+000	1.2206958000000001E+000
2.6467616165265833E+000	1.2188977999999999E+000
2.7753966083165493E+000	1.2082896000000001E+000
2.9041817729903783E+000	1.1927118000000001E+000
3.0331007771407887E+000	1.1836350000000000E+000
3.1621189826050098E+000	1.1790604000000000E+000
3.2912322293688043E+000	1.1706456000000001E+000
3.4204422480876580E+000	1.1581741999999999E+000
3.5497485596060550E+000	1.1472460000000000E+000
3.6791460252999988E+000	1.1407710000000000E+000
3.8086290432394247E+000	1.1356474000000001E+000
3.9381952107125260E+000	1.1281578000000001E+000
4.0678444531552209E+000	1.1187450000000001E+000
4.1975761410910533E+000	1.1099526000000000E+000
4.3273875525772345E+000	1.1034522000000000E+000
4.4572749784571082E+000	1.0985288000000000E+000
4.5872354130573063E+000	1.0932915999999999E+000
4.7172671821277588E+000	1.0869180000000001E+000
4.8473694634415052E+000	1.0800380000000001E+000
4.9775412569294808E+000	1.0736994000000000E+000
5.1077808058346958E+000	1.0684232000000000E+000
5.2380858800824299E+000	1.0639192000000000E+000
5.3684543643110336E+000	1.0595100000000000E+000
5.4988845942762472E+000	1.0547705999999999E+000
5.6293753451851014E+000	1.0497772000000001E+000
5.7599255731168810E+000	1.0448957999999999E+000
5.8905341009449161E+000	1.0404435999999999E+000
6.0211994839592382E+000	1.0364808000000001E+000
6.1519201543561870E+000	1.0328044000000001E+000
6.2826946988715084E+000	1.0291158000000000E+000
6.4135220419367291E+000	1.0252306000000000E+000
6.5444014275938462E+000	1.0211808000000000E+000
6.6753322400643240E+000	1.0171619999999999E+000
6.8063137698425074E+000	1.0134061999999999E+000
6.9373450208743401E+000	1.0100701999999999E+000
7.0684241793696252E+000	1.0071874000000001E+000
7.1995488736065614E+000	1.0046706000000001E+000
7.3307172130218250E+000	1.0023552000000000E+000
7.4619189902877325E+000	1.0000644000000001E+000
7.5931217447307979E+000	9.9766800000000000E-001
7.7243252177035595E+000	9.9511439999999995E-001
7.8555318149179243E+000	9.9242359999999996E-001
7.9867393643500462E+000	9.8965820000000004E-001
8.1179505299990620E+000	9.8689220000000000E-001
8.2491690461310210E+000	9.8418939999999999E-001
8.3803985720376915E+000	9.8159399999999997E-001
8.5116426170206037E+000	9.7912820000000000E-001
8.6429029241143827E+000	9.7679400000000005E-001
8.7741782917896920E+000	9.7457660000000002E-001
8.9054717203371787E+000	9.7245280000000001E-001
9.0367862243600445E+000	9.7039779999999998E-001
9.1681238007309602E+000	9.6839019999999998E-001
9.2994842927759969E+000	9.6641220000000005E-001
9.4308696203717730E+000	9.6445179999999997E-001
9.5622787583673521E+000	9.6250239999999998E-001
9.6937123705679404E+000	9.6056739999999996E-001
9.8251727828117712E+000	9.5866160000000000E-001
9.9566622524232269E+000	9.5681300000000002E-001
1.0088182958297324E+001	9.5505879999999999E-001
1.0219723317398120E+001	9.5343480000000003E-001
1.0351263637129701E+001	9.5196539999999996E-001
1.0482805162071937E+001	9.5065080000000002E-001
1.0614346751208592E+001	9.4946220000000003E-001
1.0745888555670662E+001	9.4833999999999996E-001
1.0877432372295623E+001	9.4720559999999998E-001
1.1008980041586481E+001	9.4597500000000001E-001
1.1140533416971619E+001	9.4457919999999995E-001
1.1272093839970111E+001	9.4298040000000005E-001
1.1403660997100603E+001	9.4118299999999999E-001
1.1535235486640273E+001	9.3923420000000002E-001
1.1666819605138784E+001	9.3721500000000002E-001
1.1798415621235183E+001	9.3522280000000002E-001
1.1930025732501873E+001	9.3335199999999996E-001
1.2061652019141109E+001	9.3167540000000004E-001
1.2193294272968549E+001	9.3023239999999996E-001
1.2324952445703548E+001	9.2902459999999998E-001
1.2456628373022498E+001	9.2801940000000005E-001
1.2588323718257120E+001	9.2716019999999999E-001
1.2720039992394270E+001	9.2637959999999997E-001
1.2851778575502932E+001	9.2561300000000002E-001
1.2983539952402683E+001	9.2480799999999996E-001
1.3115323119320788E+001	9.2393099999999995E-001
1.3247129300513080E+001	9.2296880000000003E-001
1.3378959884459706E+001	9.2192680000000005E-001
1.3510807661961197E+001	9.2082319999999995E-001
1.3642659064518313E+001	9.1968340000000004E-001
1.3774515058239743E+001	9.1853419999999997E-001
1.3906376916844190E+001	9.1739979999999999E-001
1.4038245959597671E+001	9.1629799999999995E-001
1.4170123006864358E+001	9.1523960000000004E-001
1.4302006257818764E+001	9.1422840000000005E-001
1.4433896748146745E+001	9.1326339999999995E-001
1.4565795111293355E+001	9.1233880000000001E-001
1.4697695631963207E+001	9.1144760000000002E-001
1.4829597641188597E+001	9.1058240000000001E-001
1.4961502173124961E+001	9.0973640000000000E-001
1.5093410260140061E+001	9.0890420000000005E-001
1.5225322898991687E+001	9.0808259999999996E-001
1.5357241047625390E+001	9.0726960000000001E-001
1.5489165629013755E+001	9.0646400000000005E-001
1.5621097537304983E+001	9.0566559999999996E-001
1.5753037651825624E+001	9.0487499999999998E-001
1.5884986853614908E+001	9.0409240000000002E-001
1.6016943799359154E+001	9.0331879999999998E-001
1.6148906962219712E+001	9.0255520000000000E-001
1.6280877512270262E+001	9.0180280000000002E-001
1.6412856343346075E+001	9.0106260000000005E-001
1.6544843707519266E+001	9.0033620000000003E-001
1.6676840798471442E+001	8.9962540000000002E-001
1.6808848932765557E+001	8.9893040000000002E-001
1.6940869478745515E+001	8.9825180000000004E-001
1.7072903850934761E+001	8.9758899999999997E-001
1.7204953500474073E+001	8.9694019999999997E-001
1.7337019902015129E+001	8.9630319999999997E-001
1.7469104542853017E+001	8.9567540000000001E-001
1.7601208911258777E+001	8.9505400000000002E-001
1.7733329955306075E+001	8.9443740000000005E-001
1.7865452136971989E+001	8.9382399999999995E-001
1.7997575337160402E+001	8.9321360000000005E-001
1.8129701190944491E+001	8.9260759999999995E-001
1.8261831057096003E+001	8.9200740000000001E-001
1.8393966489354739E+001	8.9141559999999997E-001
1.8526109039691786E+001	8.9083500000000004E-001
1.8658259918534711E+001	8.9026740000000004E-001
1.8790420600003355E+001	8.8971440000000002E-001
1.8922592624891518E+001	8.8917659999999998E-001
1.9054777488186041E+001	8.8865419999999995E-001
1.9186976630945306E+001	8.8814579999999999E-001
1.9319191431467033E+001	8.8765000000000005E-001
1.9451423192767212E+001	8.8716499999999998E-001
1.9583673134519344E+001	8.8668880000000005E-001
1.9715940678158738E+001	8.8622000000000001E-001
1.9848209627927769E+001	8.8575720000000002E-001
1.9980475725089214E+001	8.8529959999999996E-001
2.0112738797089968E+001	8.8484739999999995E-001
2.0244999043422421E+001	8.8440019999999997E-001
2.0377256804568095E+001	8.8395840000000003E-001
2.0509512524257374E+001	8.8352260000000005E-001
2.0641766754811659E+001	8.8309300000000002E-001
2.0774020161069064E+001	8.8267019999999996E-001
2.0906273522765726E+001	8.8225419999999999E-001
2.1038527737115597E+001	8.8184479999999998E-001
2.1170783817902624E+001	8.8144180000000005E-001
2.1303042623725382E+001	8.8104459999999996E-001
2.1435298314250808E+001	8.8065260000000001E-001
2.1567549129521893E+001	8.8026499999999996E-001
2.1699796557411375E+001	8.7988140000000004E-001
2.1832042233837999E+001	8.7950119999999998E-001
2.1964287939082418E+001	8.7912440000000003E-001
2.2096535591725857E+001	8.7875119999999995E-001
2.2228787241205758E+001	8.7838139999999998E-001
2.2361045057853392E+001	8.7801620000000002E-001
2.2493311320844104E+001	8.7765559999999998E-001
2.2625588405765487E+001	8.7729999999999997E-001
2.2757878441622466E+001	8.7695000000000001E-001
2.2890174479182019E+001	8.7660559999999998E-001
2.3022474454941996E+001	8.7626620000000000E-001
2.3154780584821058E+001	8.7593140000000003E-001
2.3287095141335655E+001	8.7560020000000005E-001
2.3419420439959328E+001	8.7527200000000005E-001
2.3551758363741996E+001	8.7494519999999998E-001
2.3684099477077243E+001	8.7461940000000005E-001
2.3816440599307963E+001	8.7429380000000001E-001
2.3948783201640122E+001	8.7396819999999997E-001
2.4081130391268601E+001	8.7364280000000005E-001
2.4213485364201059E+001	8.7331780000000003E-001
2.4345851347064539E+001	8.7299400000000005E-001
2.4478231573598602E+001	8.7267220000000001E-001
2.4610629261697522E+001	8.7235320000000005E-001
2.4743047590252583E+001	8.7203799999999998E-001
2.4875489675671957E+001	8.7172700000000003E-001
2.5007958547284250E+001	8.7142100000000000E-001
2.5140457122489874E+001	8.7112020000000001E-001
2.5272988182316400E+001	8.7082459999999995E-001
2.5405548306221103E+001	8.7053460000000005E-001
2.5538097487577481E+001	8.7024959999999996E-001
2.5670628161430844E+001	8.6996980000000002E-001
2.5803140828758323E+001	8.6969479999999999E-001
2.5935636243827361E+001	8.6942459999999999E-001
2.6068115421567157E+001	8.6915920000000002E-001
2.6200579634456844E+001	8.6889859999999997E-001
2.6333030399831109E+001	8.6864240000000004E-001
2.6465466103693888E+001	8.6839100000000002E-001
2.6597873811563982E+001	8.6814420000000003E-001
2.6730253275061735E+001	8.6790199999999995E-001
2.6862606287522500E+001	8.6766520000000003E-001
2.6994934982915215E+001	8.6743320000000002E-001
2.7127241831312933E+001	8.6720600000000003E-001
2.7259529631291088E+001	8.6698339999999996E-001
2.7391801499063682E+001	8.6676580000000003E-001
2.7524060856675327E+001	8.6655260000000001E-001
2.7656311416146995E+001	8.6634380000000000E-001
2.7788557164009266E+001	8.6613960000000001E-001
2.7920802349268726E+001	8.6593920000000002E-001
2.8053051449220916E+001	8.6574320000000005E-001
2.8185309142111702E+001	8.6555079999999995E-001
2.8317580283050322E+001	8.6536219999999997E-001
2.8449860663500143E+001	8.6517759999999999E-001
2.8582129491033228E+001	8.6499680000000001E-001
2.8714388482786791E+001	8.6481960000000002E-001
2.8846638802829958E+001	8.6464660000000004E-001
2.8978886399061608E+001	8.6447739999999995E-001
2.9111137604075466E+001	8.6431259999999999E-001
2.9243387229885695E+001	8.6415240000000004E-001
2.9375631415287870E+001	8.6399640000000000E-001
2.9507876165572416E+001	8.6384539999999999E-001
2.9640127720790129E+001	8.6369920000000000E-001
2.9772392523435620E+001	8.6355820000000005E-001
2.9904677184409518E+001	8.6342260000000004E-001
3.0036988445037210E+001	8.6329259999999997E-001
3.0169333136324084E+001	8.6316839999999995E-001
3.0301718138513351E+001	8.6304999999999998E-001
3.0434150352789221E+001	8.6293799999999998E-001
3.0566636639798883E+001	8.6283220000000005E-001
3.0699183757927901E+001	8.6273279999999997E-001
3.0831786520248055E+001	8.6264019999999997E-001
3.0964412339164486E+001	8.6255479999999995E-001
3.1097062766012748E+001	8.6247620000000003E-001
3.1229681639575603E+001	8.6240479999999997E-001
3.1362244495559768E+001	8.6234000000000000E-001
3.1494753578396015E+001	8.6228280000000002E-001
3.1627212816488235E+001	8.6223280000000002E-001
3.1759626794382132E+001	8.6219040000000002E-001
3.1892000723471536E+001	8.6215480000000000E-001
3.2024340405174868E+001	8.6212560000000005E-001
3.2156652190558532E+001	8.6210399999999998E-001
3.2288942936111901E+001	8.6208920000000000E-001
3.2421215934552045E+001	8.6208180000000001E-001
3.2553440892188206E+001	8.6208079999999998E-001
3.2685614087643906E+001	8.6208680000000004E-001
3.2817738605503465E+001	8.6210059999999999E-001
3.2949816163493338E+001	8.6212160000000004E-001
3.3081839832472710E+001	8.6215059999999999E-001
3.3213809378524978E+001	8.6218740000000005E-001
3.3345732071629563E+001	8.6223200000000000E-001
3.3477616022464815E+001	8.6228479999999996E-001
3.3609469948429499E+001	8.6234739999999999E-001
3.3741303150725081E+001	8.6242079999999999E-001
3.3873125490445993E+001	8.6250459999999995E-001
3.4004947366033527E+001	8.6259839999999999E-001
3.4136779706925346E+001	8.6270519999999995E-001
3.4268633897844396E+001	8.6282460000000005E-001
3.4400482889556514E+001	8.6295840000000001E-001
3.4532280099886229E+001	8.6310719999999996E-001
3.4664037433357144E+001	8.6327240000000005E-001
3.4795767901147961E+001	8.6345439999999996E-001
3.4927484923079405E+001	8.6365420000000004E-001
3.5059187982269385E+001	8.6387360000000002E-001
3.5190886775638063E+001	8.6411240000000000E-001
3.5322595332181614E+001	8.6437299999999995E-001
3.5454301568271475E+001	8.6465579999999997E-001
3.5586009571575978E+001	8.6496019999999996E-001
3.5717734134029747E+001	8.6528740000000004E-001
3.5849490817705714E+001	8.6563760000000001E-001
3.5981295951784936E+001	8.6601119999999998E-001
3.6113166616315979E+001	8.6640779999999995E-001
3.6245120479339647E+001	8.6682820000000005E-001
3.6377127564641555E+001	8.6727220000000005E-001
3.6509103985297884E+001	8.6773900000000004E-001
3.6641058677993669E+001	8.6822900000000003E-001
3.6773012231061799E+001	8.6874419999999997E-001
3.6904986544637026E+001	8.6928399999999995E-001
3.7036987736855558E+001	8.6984939999999999E-001
3.7169012928214777E+001	8.7044100000000002E-001
3.7301046512357161E+001	8.7105840000000001E-001
3.7432998971129230E+001	8.7170539999999996E-001
3.7564848572249609E+001	8.7238000000000004E-001
3.7696614024982949E+001	8.7308500000000000E-001
3.7828307020448634E+001	8.7382219999999999E-001
3.7959934130727490E+001	8.7459160000000002E-001
3.8091512665778652E+001	8.7539279999999997E-001
3.8223027410833666E+001	8.7623059999999997E-001
3.8354486518598556E+001	8.7710279999999996E-001
3.8485908027763770E+001	8.7801160000000000E-001
3.8617310994898254E+001	8.7895840000000003E-001
3.8748715642738318E+001	8.7994740000000005E-001
3.8880100187518018E+001	8.8097939999999997E-001
3.9011407290725742E+001	8.8205780000000000E-001
3.9142611604515956E+001	8.8318540000000001E-001
3.9273732439192955E+001	8.8436640000000000E-001
3.9404796286331838E+001	8.8560539999999999E-001
3.9535830845057575E+001	8.8691120000000001E-001
3.9666837643141115E+001	8.8828920000000000E-001
3.9797835237977168E+001	8.8974580000000003E-001
3.9928817380511965E+001	8.9128439999999998E-001
4.0059780999566080E+001	8.9290559999999997E-001
4.0190755215162902E+001	8.9461299999999999E-001
4.0321772144830952E+001	8.9640699999999995E-001
4.0452809316518483E+001	8.9828799999999998E-001
4.0583746755144524E+001	9.0025480000000002E-001
4.0714613994224187E+001	9.0229119999999996E-001
4.0845390643664913E+001	9.0438980000000002E-001
4.0976097546016689E+001	9.0654740000000000E-001
4.1106781740937933E+001	9.0875660000000003E-001
4.1237484329018031E+001	9.1101120000000002E-001
4.1368183834159034E+001	9.1330840000000002E-001
4.1498895094683590E+001	9.1564920000000005E-001
4.1629608216796846E+001	9.1801699999999997E-001
4.1760367311795818E+001	9.2040920000000004E-001
4.1891204496239581E+001	9.2282819999999999E-001
4.2022105735881247E+001	9.2528080000000001E-001
4.2153028420718435E+001	9.2777200000000004E-001
4.2283839566617324E+001	9.3032239999999999E-001
4.2414527318098486E+001	9.3292719999999996E-001
4.2545153562861579E+001	9.3558680000000005E-001
4.2675745816182435E+001	9.3830720000000001E-001
4.2806312658637573E+001	9.4109019999999999E-001
4.2936923674378882E+001	9.4392860000000001E-001
4.3067579727178156E+001	9.4679860000000005E-001
4.3198316108056218E+001	9.4969020000000004E-001
4.3329106889137528E+001	9.5257740000000002E-001
4.3459977077169270E+001	9.5544160000000000E-001
4.3590919630744402E+001	9.5827960000000001E-001
4.3721982336960487E+001	9.6109979999999995E-001
4.3853132067942440E+001	9.6391320000000003E-001
4.3984173971759844E+001	9.6670699999999998E-001
4.4115111601643164E+001	9.6950559999999997E-001
4.4246011209125079E+001	9.7231900000000004E-001
4.4376886301796539E+001	9.7516360000000002E-001
4.4507797119402262E+001	9.7806179999999998E-001
4.4638748692455437E+001	9.8101400000000005E-001
4.4769813237014439E+001	9.8399159999999997E-001
4.4901089721756534E+001	9.8700239999999995E-001
4.5032594640517857E+001	9.9004000000000003E-001
4.5164059579894939E+001	9.9308879999999999E-001
4.5295551392323027E+001	9.9612360000000000E-001
4.5427112178465457E+001	9.9908419999999998E-001
4.5558764393344120E+001	1.0019406000000000E+000
4.5690489519345952E+001	1.0046573999999999E+000
4.5822230754662087E+001	1.0072212000000000E+000
4.5953960955545746E+001	1.0096178000000000E+000
4.6085685847936759E+001	1.0118334000000000E+000
4.6217411003314645E+001	1.0138659999999999E+000
4.6349141727515331E+001	1.0157356000000000E+000
4.6480882946949677E+001	1.0174836000000000E+000
4.6612639107847826E+001	1.0191370000000000E+000
4.6744414052870596E+001	1.0207632000000000E+000
4.6876182665261354E+001	1.0224024000000000E+000
4.7007875810413189E+001	1.0241030000000000E+000
4.7139490955207201E+001	1.0258988000000000E+000
4.7271029896297492E+001	1.0278381999999999E+000
4.7402495382475301E+001	1.0299659999999999E+000
4.7533891058104942E+001	1.0322758000000001E+000
4.7665221426688312E+001	1.0347468000000000E+000
4.7796491803686962E+001	1.0373091999999999E+000
4.7927708273793115E+001	1.0399292000000000E+000
4.8058877585944778E+001	1.0425438000000000E+000
4.8190007074703637E+001	1.0450892000000001E+000
4.8321104556675486E+001	1.0475060000000000E+000
4.8452178206019624E+001	1.0497126000000001E+000
4.8583236448933604E+001	1.0516323999999999E+000
4.8714287875337966E+001	1.0532314000000000E+000
4.8845341082790192E+001	1.0545190000000000E+000
4.8976404526596589E+001	1.0555053999999999E+000
4.9107486395111920E+001	1.0562140000000000E+000
4.9238594470300441E+001	1.0567028000000001E+000
4.9369735978406290E+001	1.0570860000000000E+000
4.9500917405920802E+001	1.0574452000000001E+000
4.9632144334866297E+001	1.0578867999999999E+000
4.9763421231043715E+001	1.0585081999999999E+000
4.9894676240300427E+001	1.0593581999999999E+000
5.0025844073521576E+001	1.0604996000000000E+000
5.0156926064645397E+001	1.0619738000000001E+000
5.0287924919864913E+001	1.0638137999999999E+000
5.0418844639635061E+001	1.0660136000000000E+000
5.0549690446105352E+001	1.0685260000000001E+000
5.0680468693172607E+001	1.0713052000000001E+000
5.0811186762944345E+001	1.0742461999999999E+000
5.0941852946955123E+001	1.0772104000000000E+000
5.1072476369029374E+001	1.0800396000000001E+000
5.1203066899730288E+001	1.0826070000000001E+000
5.1333635006652869E+001	1.0848038000000000E+000
5.1464191629958087E+001	1.0865198000000000E+000
5.1594748019094084E+001	1.0877091999999999E+000
5.1725315546809249E+001	1.0883478000000000E+000
5.1855905560160252E+001	1.0884528000000000E+000
5.1986529160532179E+001	1.0881377999999999E+000
5.2117196963181421E+001	1.0875463999999999E+000
5.2247918868296964E+001	1.0868576000000001E+000
5.2378703822126134E+001	1.0862486000000000E+000
5.2509559595079295E+001	1.0859392000000001E+000
5.2640492502178319E+001	1.0860863999999999E+000
5.2771430638943812E+001	1.0868462000000001E+000
5.2902261818259213E+001	1.0883064000000000E+000
5.3032986254552256E+001	1.0904457999999999E+000
5.3163607116390942E+001	1.0932392000000000E+000
5.3294129383295576E+001	1.0966258000000000E+000
5.3424559756335597E+001	1.1004970000000001E+000
5.3554906517263888E+001	1.1046516000000000E+000
5.3685179407701916E+001	1.1088874000000000E+000
5.3815389461039487E+001	1.1129818000000000E+000
5.3945548820765552E+001	1.1166806000000000E+000
5.4075670598128816E+001	1.1197286000000000E+000
5.4205768733782953E+001	1.1219524000000001E+000
5.4335857794411133E+001	1.1232758000000000E+000
5.4465952744708169E+001	1.1236614000000000E+000
5.4596068709018766E+001	1.1231986000000000E+000
5.4726220679712185E+001	1.1220197999999999E+000
5.4856423274587137E+001	1.1202954000000001E+000
5.4986690449195720E+001	1.1183088000000001E+000
5.5117035149996020E+001	1.1163744000000000E+000
5.5247468993249150E+001	1.1148058000000001E+000
5.5378001902401635E+001	1.1139112000000000E+000
5.5508641560393492E+001	1.1139882000000001E+000
5.5639258815015232E+001	1.1151880000000001E+000
5.5769741128657927E+001	1.1176003999999999E+000
5.5900091271895249E+001	1.1211758000000001E+000
5.6030314452375379E+001	1.1257174000000001E+000
5.6160418270406645E+001	1.1309790000000000E+000
5.6290412555840021E+001	1.1366668000000000E+000
5.6420309190321909E+001	1.1424460000000001E+000
5.6550121861910540E+001	1.1479109999999999E+000
5.6679865847843494E+001	1.1527092000000001E+000
5.6809557725181556E+001	1.1565312000000001E+000
5.6939215091827997E+001	1.1591123999999999E+000
5.7068856302807518E+001	1.1603003999999999E+000
5.7198500219956323E+001	1.1601078000000000E+000
5.7328165880908728E+001	1.1586744000000000E+000
5.7457872167898955E+001	1.1562349999999999E+000
5.7587637444841967E+001	1.1531123999999999E+000
5.7717479223173754E+001	1.1496500000000001E+000
5.7847413846750200E+001	1.1462284000000000E+000
5.7977456089042796E+001	1.1432954000000000E+000
5.8107618764397309E+001	1.1412494000000000E+000
5.8237912316801470E+001	1.1404622000000000E+000
5.8368295122576093E+001	1.1412270000000000E+000
5.8498545918733676E+001	1.1436763999999999E+000
5.8628640133092063E+001	1.1477523999999999E+000
5.8758583850175512E+001	1.1532224000000000E+000
5.8888386028120152E+001	1.1596698000000001E+000
5.9018058375137556E+001	1.1665896000000000E+000
5.9147615123170553E+001	1.1734899999999999E+000
5.9277072720431264E+001	1.1798788000000000E+000
5.9406449486575021E+001	1.1852676000000000E+000
5.9535765259176742E+001	1.1892773999999999E+000
5.9665041024416716E+001	1.1916324000000000E+000
5.9794298558848219E+001	1.1921702000000001E+000
5.9923560081566464E+001	1.1909192000000000E+000
6.0052847930893812E+001	1.1880885999999999E+000
6.0182184185138780E+001	1.1840531999999999E+000
6.0311590240789975E+001	1.1792502000000000E+000
6.0441086430460189E+001	1.1741614000000000E+000
6.0570691635394077E+001	1.1692418000000000E+000
6.0700422945400746E+001	1.1649744000000000E+000
6.0830295189646669E+001	1.1618582000000000E+000
6.0960320509807225E+001	1.1602918000000000E+000
6.1090486585669268E+001	1.1606030000000001E+000
6.1220549051805079E+001	1.1629757999999999E+000
6.1350440199595013E+001	1.1673211999999999E+000
6.1480167135607672E+001	1.1733492000000001E+000
6.1609740143945203E+001	1.1805458000000000E+000
6.1739172505220473E+001	1.1882311999999999E+000
6.1868479996037934E+001	1.1957442000000000E+000
6.1997678484020419E+001	1.2024900000000001E+000
6.2126792175528578E+001	1.2079492000000001E+000
6.2255844923719387E+001	1.2117154000000001E+000
6.2384857563414208E+001	1.2135161999999999E+000
6.2513854149995645E+001	1.2132152000000000E+000
6.2642859134444343E+001	1.2108756000000001E+000
6.2771896983901549E+001	1.2067710000000000E+000
6.2900991840473381E+001	1.2013558000000000E+000
6.3030167044427373E+001	1.1951875999999999E+000
6.3159444732350991E+001	1.1888428000000000E+000
6.3288845409077901E+001	1.1828668000000000E+000
6.3418387578868646E+001	1.1777618000000001E+000
6.3548087307585256E+001	1.1740562000000001E+000
6.3677957714614145E+001	1.1721944000000000E+000
6.3807993258126345E+001	1.1724934000000000E+000
6.3937937829372387E+001	1.1751168000000001E+000
6.4067701489401372E+001	1.1799748000000001E+000
6.4197285443369907E+001	1.1866859999999999E+000
6.4326686991999807E+001	1.1946534000000000E+000
6.4455924806008838E+001	1.2030862000000000E+000
6.4585021661766831E+001	1.2111879999999999E+000
6.4714003232552997E+001	1.2182786000000001E+000
6.4842897525726698E+001	1.2238114000000000E+000
6.4971734249437318E+001	1.2273848000000001E+000
6.5100544166292849E+001	1.2287395999999999E+000
6.5229358537314468E+001	1.2277730000000000E+000
6.5358203024572944E+001	1.2245718000000001E+000
6.5487086386607174E+001	1.2194680000000000E+000
6.5616032373496552E+001	1.2129730000000001E+000
6.5745065527642012E+001	1.2057494000000000E+000
6.5874209091417526E+001	1.1984452000000001E+000
6.6003484572780280E+001	1.1916720000000001E+000
6.6132911345338016E+001	1.1859792000000000E+000
6.6262506214465645E+001	1.1819162000000001E+000
6.6392282867427440E+001	1.1799512000000001E+000
6.6522238906227898E+001	1.1803843999999999E+000
6.6652110140389638E+001	1.1833528000000000E+000
6.6781785937911209E+001	1.1887386000000000E+000
6.6911255218210314E+001	1.1960880000000000E+000
6.7040533101875482E+001	1.2047260000000000E+000
6.7169640466178308E+001	1.2137802000000000E+000
6.7298601583408555E+001	1.2223568000000000E+000
6.7427443690279588E+001	1.2297191999999999E+000
6.7556196397717997E+001	1.2352981999999999E+000
6.7684891011176092E+001	1.2387036000000000E+000
6.7813559832253645E+001	1.2397060000000000E+000
6.7942235569921053E+001	1.2382344000000001E+000
6.8070950807691702E+001	1.2344086000000001E+000
6.8199728856724718E+001	1.2286006000000000E+000
6.8328575033108606E+001	1.2213689999999999E+000
6.8457513445985583E+001	1.2134412000000001E+000
6.8586568048576780E+001	1.2055207999999999E+000
6.8715760953944255E+001	1.1982626000000001E+000
6.8845112012160016E+001	1.1922493999999999E+000
6.8974638372573665E+001	1.1880234000000001E+000
6.9104353924958971E+001	1.1860572000000000E+000
6.9234253417264213E+001	1.1866312000000001E+000
6.9364057860975194E+001	1.1898508000000001E+000
6.9493643722515458E+001	1.1955604000000000E+000
6.9623016779670138E+001	1.2032510000000001E+000
6.9752195215103043E+001	1.2121952000000000E+000
6.9881201003306117E+001	1.2214655999999999E+000
7.0010059514469148E+001	1.2301230000000001E+000
7.0138799071635020E+001	1.2374082000000000E+000
7.0267450346876899E+001	1.2427560000000000E+000
7.0396045652254628E+001	1.2458064000000000E+000
7.0524618207676085E+001	1.2463578000000000E+000
7.0653201543976976E+001	1.2443640000000000E+000
7.0781828966307998E+001	1.2399776000000000E+000
7.0910531816690238E+001	1.2336031999999999E+000
7.1039315124764087E+001	1.2258408000000001E+000
7.1168195193950297E+001	1.2174548000000001E+000
7.1297196291255545E+001	1.2091790000000000E+000
7.1426340756359508E+001	1.2016836000000000E+000
7.1555648571843662E+001	1.1955578000000000E+000
7.1685136922205785E+001	1.1913332000000001E+000
7.1814819635416185E+001	1.1894718000000000E+000
7.1944685658318718E+001	1.1902382000000000E+000
7.2074437239754872E+001	1.1937101999999999E+000
7.2203962243300737E+001	1.1996926000000001E+000
7.2333273599365086E+001	1.2076374000000001E+000
7.2462390165339443E+001	1.2167766000000000E+000
7.2591334587110055E+001	1.2261472000000000E+000
7.2720132890001551E+001	1.2347927999999999E+000
7.2848814023838273E+001	1.2419473999999999E+000
7.2977409251112476E+001	1.2470623999999999E+000
7.3105951419111307E+001	1.2497996000000000E+000
7.3234474212710637E+001	1.2499827999999999E+000
7.3363011559277552E+001	1.2475890000000001E+000
7.3491597091782225E+001	1.2427990000000000E+000
7.3620263498159773E+001	1.2360450000000001E+000
7.3749019217951457E+001	1.2279545999999999E+000
7.3877875333639864E+001	1.2193124000000000E+000
7.4006856194543801E+001	1.2108644000000000E+000
7.4135984162736477E+001	1.2032848000000000E+000
7.4265279182989204E+001	1.1971643999999999E+000
7.4394758331916123E+001	1.1930335999999999E+000
7.4524435254327742E+001	1.1913431999999999E+000
7.4654286144829683E+001	1.1923398000000001E+000
7.4783993216142790E+001	1.1960762000000000E+000
7.4913471273682674E+001	1.2023218000000000E+000
7.5042735467100783E+001	1.2104964000000000E+000
7.5171805188922050E+001	1.2197978000000000E+000
7.5300703610989800E+001	1.2292386000000000E+000
7.5429457263901483E+001	1.2378590000000000E+000
7.5558095573000060E+001	1.2448939999999999E+000
7.5686650234780245E+001	1.2498161999999999E+000
7.5815154470934857E+001	1.2523048000000001E+000
7.5943642280465454E+001	1.2521998000000001E+000
7.6072147849810037E+001	1.2494974000000001E+000
7.6200705019988135E+001	1.2444017999999999E+000
7.6329346801766462E+001	1.2373715999999999E+000
7.6458083449485613E+001	1.2290600000000000E+000
7.6586923446646111E+001	1.2202662000000000E+000
7.6715891175077573E+001	1.2117443999999999E+000
7.6845008978944350E+001	1.2041717999999999E+000
7.6974296731657759E+001	1.1981396000000000E+000
7.7103771373419036E+001	1.1941778000000001E+000
7.7233446339428596E+001	1.1927222000000000E+000
7.7363285556718978E+001	1.1940020000000000E+000
7.7492958973342112E+001	1.1980420000000001E+000
7.7622403191625665E+001	1.2045703999999999E+000
7.7751633951496189E+001	1.2129744000000000E+000
7.7880671160331431E+001	1.2224185999999999E+000
7.8009538486272362E+001	1.2318958000000000E+000
7.8138262927467210E+001	1.2404504000000001E+000
7.8266874336472370E+001	1.2473246000000000E+000
7.8395404781426720E+001	1.2520140000000000E+000
7.8523887786916177E+001	1.2542177999999999E+000
7.8652357588609348E+001	1.2537944000000001E+000
7.8780848548524602E+001	1.2507638000000001E+000
7.8909394624270675E+001	1.2453559999999999E+000
7.9038028906876718E+001	1.2380564000000001E+000
7.9166762150260013E+001	1.2295398000000000E+000
7.9295601608804333E+001	1.2206166000000001E+000
7.9424571588553263E+001	1.2120443999999999E+000
7.9553694302322938E+001	1.2044995999999999E+000
7.9682989435905100E+001	1.1985678000000000E+000
7.9812473678525507E+001	1.1947748000000000E+000
7.9942160147289641E+001	1.1935378000000001E+000
8.0071988839429565E+001	1.1950680000000000E+000
8.0201626532569549E+001	1.1993616000000000E+000
8.0331035712677732E+001	1.2061100000000000E+000
8.0460232621319975E+001	1.2146752000000001E+000
8.0589237637692818E+001	1.2241934000000001E+000
8.0718074863636602E+001	1.2336457999999999E+000
8.0846771689228220E+001	1.2420860000000000E+000
8.0975358307566751E+001	1.2487706000000001E+000
8.1103867060994844E+001	1.2532217999999999E+000
8.1232331670572520E+001	1.2551576000000000E+000
8.1360786499917069E+001	1.2544484000000000E+000
8.1489265979339166E+001	1.2511336000000000E+000
8.1617804083301195E+001	1.2454673999999999E+000
8.1746433856147888E+001	1.2379599999999999E+000
8.1875165058187250E+001	1.2293078000000000E+000
8.2004005286687345E+001	1.2203257999999999E+000
8.2132978711719034E+001	1.2117694000000001E+000
8.2262107359708693E+001	1.2043100000000000E+000
8.2391410681014577E+001	1.1985224000000001E+000
8.2520905072138120E+001	1.1949301999999999E+000
8.2650603297454310E+001	1.1939312000000000E+000
8.2780422465492734E+001	1.1957198000000000E+000
8.2910035347928229E+001	1.2002648000000000E+000
8.3039420798099755E+001	1.2072208000000000E+000
8.3168595501654295E+001	1.2159257999999999E+000
8.3297580254627505E+001	1.2254913999999999E+000
8.3426399540350261E+001	1.2348923999999999E+000
8.3555081092586576E+001	1.2431976000000000E+000
8.3683655396462797E+001	1.2496826000000001E+000
8.3812155019994677E+001	1.2538933999999999E+000
8.3940613834836455E+001	1.2555673999999999E+000
8.4069066292241317E+001	1.2545904000000001E+000
8.4197546852369157E+001	1.2510224000000001E+000
8.4326089468558507E+001	1.2451420000000000E+000
8.4454726722907054E+001	1.2374810000000001E+000
8.4583464222089091E+001	1.2287526000000000E+000
8.4712313412502994E+001	1.2197705999999999E+000
8.4841298306312538E+001	1.2112854000000000E+000
8.4970440722728881E+001	1.2039612000000000E+000
8.5099759856062420E+001	1.1983610000000000E+000
8.5229271787108985E+001	1.1950060000000000E+000
8.5358988903877076E+001	1.1942733999999999E+000
8.5488794341898597E+001	1.1963372000000001E+000
8.5618378047346752E+001	1.2011402000000000E+000
8.5747735520329528E+001	1.2083018000000001E+000
8.5876883873912931E+001	1.2171373999999999E+000
8.6005844296502318E+001	1.2267380000000001E+000
8.6134641624476316E+001	1.2360750000000000E+000
8.6263303904611689E+001	1.2442346000000000E+000
8.6391861882358739E+001	1.2505147999999999E+000
8.6520348318530594E+001	1.2544858000000001E+000
8.6648797203970645E+001	1.2559013999999999E+000
8.6777243051732995E+001	1.2546614000000000E+000
8.6905720332983080E+001	1.2508446000000000E+000
8.7034262971088580E+001	1.2447550000000001E+000
8.7162902860532995E+001	1.2369458000000000E+000
8.7291643049549265E+001	1.2281502000000000E+000
8.7420497394618963E+001	1.2191803999999999E+000
8.7549489764129419E+001	1.2107821999999999E+000
8.7678641790150124E+001	1.2036146000000001E+000
8.7807972434946137E+001	1.1982294000000000E+000
8.7937497488609011E+001	1.1951440000000000E+000
8.8067228987405542E+001	1.1947144000000001E+000
8.8197019278078457E+001	1.1970951999999999E+000
8.8326579511922361E+001	1.2021991999999999E+000
8.8455914759353632E+001	1.2096039999999999E+000
8.8585042572593409E+001	1.2186006000000000E+000
8.8713984546820271E+001	1.2282578000000000E+000
8.8842765886638489E+001	1.2375426000000000E+000
8.8971414966238981E+001	1.2455600000000000E+000
8.9099962799181796E+001	1.2516309999999999E+000
8.9228442340630849E+001	1.2553464000000001E+000
8.9356887699792949E+001	1.2564789999999999E+000
8.9485333447336671E+001	1.2549475999999999E+000
8.9613814053752094E+001	1.2508520000000001E+000
8.9742363391629510E+001	1.2445246000000001E+000
8.9871012700831770E+001	1.2365382000000000E+000
8.9999763501259480E+001	1.2276444000000000E+000
9.0128630973795183E+001	1.2186535999999999E+000
9.0257638788578106E+001	1.2103044000000001E+000
9.0386808332780603E+001	1.2032514000000001E+000
9.0516158276161107E+001	1.1980363999999999E+000
9.0645704056992145E+001	1.1951688000000000E+000
9.0775457302163773E+001	1.1949850000000000E+000
9.0905224356360833E+001	1.1976182000000000E+000
9.1034756045692163E+001	1.2029534000000000E+000
9.1164064246708023E+001	1.2105311999999999E+000
9.1293166964823456E+001	1.2196216000000000E+000
9.1422086203932295E+001	1.2292760000000000E+000
9.1550847530111469E+001	1.2384611999999999E+000
9.1679479630995999E+001	1.2463032000000001E+000
9.1808013769481306E+001	1.2521494000000000E+000
9.1936483071798747E+001	1.2556114000000000E+000
9.2064921737027106E+001	1.2564797999999999E+000
9.2193364364055626E+001	1.2546864000000000E+000
9.2321845396020976E+001	1.2503481999999999E+000
9.2450398633260562E+001	1.2438267999999999E+000
9.2579053833557865E+001	1.2357115999999999E+000
9.2707810647325672E+001	1.2267736000000000E+000
9.2836686748589472E+001	1.2178188000000001E+000
9.2965705608625882E+001	1.2095758000000001E+000
9.3094888370511114E+001	1.2026922000000000E+000
9.3224253412738449E+001	1.1977000000000000E+000
9.3353815822683785E+001	1.1950989999999999E+000
9.3483586535021246E+001	1.1952046000000001E+000
9.3613332863834188E+001	1.1981294000000000E+000
9.3742843715355463E+001	1.2037294000000001E+000
9.3872132743390139E+001	1.2115050000000001E+000
9.4001218365228439E+001	1.2207048000000000E+000
9.4130122957682772E+001	1.2303632000000000E+000
9.4258872418252523E+001	1.2394508000000000E+000
9.4387495720916448E+001	1.2471144000000001E+000
9.4516024351081072E+001	1.2527298000000000E+000
9.4644491581510465E+001	1.2559267999999999E+000
9.4772931682891752E+001	1.2565166000000001E+000
9.4901379268143430E+001	1.2544470000000001E+000
9.5029868738680634E+001	1.2498574000000000E+000
9.5158433805489906E+001	1.2431372000000001E+000
9.5287102242021277E+001	1.2348922000000000E+000
9.5415872614467844E+001	1.2259081999999999E+000
9.5544764743914371E+001	1.2169858000000000E+000
9.5673801882429387E+001	1.2088429999999999E+000
9.5803004908843576E+001	1.2021188000000000E+000
9.5932391889880890E+001	1.1973392000000000E+000
9.6061977540782578E+001	1.1949936000000001E+000
9.6191767882170822E+001	1.1953731999999999E+000
9.6321487057225880E+001	1.1985695999999999E+000
9.6450971511842127E+001	1.2044108000000000E+000
9.6580235761393070E+001	1.2123614000000000E+000
9.6709298647941011E+001	1.2216498000000000E+000
9.6838182928133364E+001	1.2312936000000001E+000
9.6966914833290460E+001	1.2402725999999999E+000
9.7095523622727896E+001	1.2477544000000000E+000
9.7224040999689819E+001	1.2531441999999999E+000
9.7352500375457552E+001	1.2560899999999999E+000
9.7480936083567855E+001	1.2564181999999999E+000
9.7609382743771548E+001	1.2540899999999999E+000
9.7737874712956156E+001	1.2492676000000000E+000
9.7866445614436913E+001	1.2423660000000001E+000
9.7995121062466822E+001	1.2340104000000001E+000
9.8123899350107010E+001	1.2250004000000001E+000
9.8252801848940180E+001	1.2161299999999999E+000
9.8381851604199625E+001	1.2081075999999999E+000
9.8511069245509816E+001	1.2015625999999999E+000
9.8640472542553638E+001	1.1970179999999999E+000
9.8770075853022831E+001	1.1949494000000001E+000
9.8899877461674549E+001	1.1956266000000000E+000
9.9029575041677674E+001	1.1991182000000000E+000
9.9159039099666316E+001	1.2052191999999999E+000
9.9288284625761250E+001	1.2133588000000000E+000
9.9417330882126024E+001	1.2227425999999999E+000
9.9546201005060766E+001	1.2323716000000000E+000
9.9674921563189073E+001	1.2412382000000000E+000
9.9803522103822957E+001	1.2485303999999999E+000
9.9932034549158431E+001	1.2536826000000001E+000
1.0006049244916289E+002	1.2563612000000000E+000
1.0018893020225093E+002	1.2564092000000000E+000
1.0031738243487412E+002	1.2538072000000000E+000
1.0044588345532192E+002	1.2487413999999999E+000
1.0057446678847032E+002	1.2416518000000001E+000
1.0070315517156367E+002	1.2331824000000000E+000
1.0083194747547473E+002	1.2241428000000001E+000
1.0096086644012983E+002	1.2153183999999999E+000
1.0108993487719481E+002	1.2074092000000001E+000
1.0121917313724882E+002	1.2010326000000000E+000
1.0134859866021809E+002	1.1967095999999999E+000
1.0147822541359368E+002	1.1948998000000000E+000
1.0160803647685532E+002	1.1958504000000001E+000
1.0173770646241307E+002	1.1996072000000000E+000
1.0186714425204403E+002	1.2059320000000000E+000
1.0199636529150699E+002	1.2142268000000001E+000
1.0212538925887314E+002	1.2236730000000000E+000
1.0225423965909172E+002	1.2332601999999999E+000
1.0238294338243043E+002	1.2419958000000000E+000
1.0251153024473550E+002	1.2490896000000000E+000
1.0264003236609619E+002	1.2540050000000000E+000
1.0276848341279795E+002	1.2564274000000000E+000
1.0289691782720040E+002	1.2562096000000000E+000
1.0302537022435880E+002	1.2533513999999999E+000
1.0315387485278197E+002	1.2480614000000001E+000
1.0328246513350955E+002	1.2408041999999999E+000
1.0341116072695819E+002	1.2322439999999999E+000
1.0353996179488325E+002	1.2231980000000000E+000
1.0366889195166659E+002	1.2144429999999999E+000
1.0379797378741689E+002	1.2066718000000001E+000
1.0392722738896541E+002	1.2004870000000001E+000
1.0405666988235234E+002	1.1964108000000000E+000
1.0418631486170104E+002	1.1948832000000000E+000
1.0431612930716096E+002	1.1961333999999999E+000
1.0444577811898748E+002	1.2001809999999999E+000
1.0457519609603590E+002	1.2067498000000001E+000
1.0470439912291641E+002	1.2152153999999999E+000
1.0483340728419364E+002	1.2247334000000001E+000
1.0496224444941677E+002	1.2342830000000000E+000
1.0509093783161093E+002	1.2428888000000000E+000
1.0521951751569809E+002	1.2497811999999999E+000
1.0534801581933095E+002	1.2544522000000000E+000
1.0547646652574589E+002	1.2566059999999999E+000
1.0560490412549460E+002	1.2561084000000000E+000
1.0573336322428482E+002	1.2529825999999999E+000
1.0586187800908424E+002	1.2474605999999999E+000
1.0599048178939923E+002	1.2400321999999999E+000
1.0611919033356899E+002	1.2313788000000001E+000
1.0624800619690934E+002	1.2223218000000000E+000
1.0637695354468673E+002	1.2136292000000000E+000
1.0650605472363711E+002	1.2059858000000001E+000
1.0663532953248554E+002	1.1999812000000001E+000
1.0676479475561607E+002	1.1961378000000000E+000
1.0689446358629843E+002	1.1948742000000001E+000
1.0702427714775575E+002	1.1964007999999999E+000
1.0715389882959481E+002	1.2007098000000000E+000
1.0728329108588750E+002	1.2074900000000000E+000
1.0741247024916082E+002	1.2160949999999999E+000
1.0754145681021480E+002	1.2256556000000001E+000
1.0767027499760256E+002	1.2351449999999999E+000
1.0779895233712620E+002	1.2436064000000000E+000
1.0792751916946202E+002	1.2502902000000000E+000
1.0805600799493082E+002	1.2547193999999999E+000
1.0818445269701753E+002	1.2566151999999999E+000
1.0831288779903677E+002	1.2558533999999999E+000
1.0844134788445267E+002	1.2524758000000000E+000
1.0856986707253724E+002	1.2467390000000000E+000
1.0869847856075619E+002	1.2391574000000001E+000
1.0882719418784188E+002	1.2304310000000001E+000
1.0895601942092439E+002	1.2213828000000000E+000
1.0908497851946471E+002	1.2127737999999999E+000
1.0921409360077261E+002	1.2052799999999999E+000
1.0934338419124803E+002	1.1994786000000000E+000
1.0947286674908240E+002	1.1958907999999999E+000
1.0960255408278459E+002	1.1949144000000000E+000
1.0973236288401117E+002	1.1967411999999999E+000
1.0986196368740838E+002	1.2013350000000000E+000
1.0999133651629353E+002	1.2083450000000000E+000
1.1012049813794246E+002	1.2171022000000000E+000
1.1024946944266715E+002	1.2267117999999999E+000
1.1037827501610941E+002	1.2361428000000001E+000
1.1050694269866293E+002	1.2444577999999999E+000
1.1063550308732793E+002	1.2509294000000000E+000
1.1076398886450198E+002	1.2551064000000001E+000
1.1089243401543492E+002	1.2567288000000001E+000
1.1102087310040501E+002	1.2556879999999999E+000
1.1114934068178574E+002	1.2520469999999999E+000
1.1127787080745260E+002	1.2460888000000001E+000
1.1140649641258842E+002	1.2383500000000001E+000
1.1153522486975223E+002	1.2295484000000001E+000
1.1166406547819547E+002	1.2205041999999999E+000
1.1179304230424030E+002	1.2119713999999999E+000
1.1192217721232075E+002	1.2046184000000000E+000
1.1205148943038610E+002	1.1990090000000000E+000
1.1218099506108588E+002	1.1956624000000000E+000
1.1231070649963090E+002	1.1949548000000001E+000
1.1244050393150503E+002	1.1970566000000000E+000
1.1257007790440977E+002	1.2019054000000000E+000
1.1269942541483066E+002	1.2091137999999999E+000
1.1282856367022637E+002	1.2179910000000000E+000
1.1295751395681893E+002	1.2276220000000000E+000
1.1308630120864906E+002	1.2369732000000000E+000
1.1321495356786238E+002	1.2451280000000000E+000
1.1334350187221804E+002	1.2513837999999999E+000
1.1347197896888810E+002	1.2553140000000000E+000
1.1360041892638452E+002	1.2566754000000000E+000
1.1372885632530721E+002	1.2553719999999999E+000
1.1385732569387595E+002	1.2514854000000000E+000
1.1398586100241018E+002	1.2453244000000001E+000
1.1411449455252581E+002	1.2374470000000000E+000
1.1424323043094009E+002	1.2285908000000001E+000
1.1437208098692152E+002	1.2195712000000001E+000
1.1450107009250668E+002	1.2111360000000000E+000
1.1463021937378151E+002	1.2039462000000001E+000
1.1475954777646399E+002	1.1985522000000000E+000
1.1488907106391912E+002	1.1954700000000000E+000
1.1501880123437860E+002	1.1950537999999999E+000
1.1514858575011766E+002	1.1974552000000001E+000
1.1527813914535288E+002	1.2025825999999999E+000
1.1540746761630157E+002	1.2100076000000000E+000
1.1553658879865253E+002	1.2190171999999999E+000
1.1566552436896617E+002	1.2286762000000000E+000
1.1579429960916396E+002	1.2379496000000001E+000
1.1592294296540483E+002	1.2459423999999999E+000
1.1605148551712821E+002	1.2519780000000000E+000
1.1617996027651898E+002	1.2556506000000001E+000
1.1630840139841936E+002	1.2567364000000001E+000
1.1643684348854403E+002	1.2551568000000000E+000
1.1656532104234633E+002	1.2510140000000001E+000
1.1669386794843000E+002	1.2446450000000000E+000
1.1682251535517526E+002	1.2366252000000000E+000
1.1695126456344113E+002	1.2277098000000000E+000
1.1708013096275104E+002	1.2187102000000001E+000
1.1720913820965488E+002	1.2103638000000001E+000
1.1733830766848963E+002	1.2033258000000000E+000
1.1746765797656876E+002	1.1981352000000001E+000
1.1759720452936243E+002	1.1953005999999999E+000
1.1772695890011288E+002	1.1951552000000001E+000
1.1785672146079079E+002	1.1978291999999999E+000
1.1798624824237685E+002	1.2032031999999999E+000
1.1811555170267437E+002	1.2108120000000000E+000
1.1824464991015388E+002	1.2199218000000001E+000
1.1837356492835666E+002	1.2295807999999999E+000
1.1850232237866781E+002	1.2387556000000000E+000
1.1863095099896931E+002	1.2465733999999999E+000
1.1875948209559411E+002	1.2523852000000000E+000
1.1888794882923948E+002	1.2558062000000001E+000
1.1901638542363362E+002	1.2566294000000000E+000
1.1914482649431986E+002	1.2547898000000000E+000
1.1927330649321623E+002	1.2504074000000001E+000
1.1940185922277469E+002	1.2438484000000001E+000
1.1953051437187482E+002	1.2357047999999999E+000
1.1965927147107267E+002	1.2267505999999999E+000
1.1978814825626041E+002	1.2177920000000000E+000
1.1991716818038567E+002	1.2095568000000001E+000
1.2004635236102519E+002	1.2026922000000000E+000
1.2017571914332426E+002	1.1977291999999999E+000
1.2030528357137277E+002	1.1951664000000000E+000
1.2043505626374706E+002	1.1953157999999999E+000
1.2056479823762326E+002	1.1982866000000001E+000
1.2069430468528645E+002	1.2039302000000001E+000
1.2082358944658986E+002	1.2117404000000001E+000
1.2095267101123675E+002	1.2209623999999999E+000
1.2108157182412518E+002	1.2306268000000000E+000
1.2121031784546848E+002	1.2397050000000001E+000
1.2133893810582501E+002	1.2473453999999999E+000
1.2146746413797671E+002	1.2529281999999999E+000
1.2159592925057527E+002	1.2560857999999999E+000
1.2172436773902277E+002	1.2566326000000001E+000
1.2185281423191677E+002	1.2545184000000000E+000
1.2198130313739620E+002	1.2498870000000000E+000
1.2210986816541866E+002	1.2431315999999999E+000
1.2223853693635215E+002	1.2348610000000000E+000
1.2236730793246019E+002	1.2258640000000001E+000
1.2249620108950022E+002	1.2169406000000000E+000
1.2262523963454287E+002	1.2088078000000000E+000
1.2275444441389479E+002	1.2021042000000000E+000
1.2288383345326723E+002	1.1973548000000001E+000
1.2301342141677084E+002	1.1950472000000001E+000
1.2314321327171201E+002	1.1954693999999999E+000
1.2327292803175558E+002	1.1987090000000000E+000
1.2340240818714335E+002	1.2045892000000000E+000
1.2353166834882015E+002	1.2125687999999999E+000
1.2366072743040887E+002	1.2218726000000000E+000
1.2378960825422743E+002	1.2315152000000000E+000
1.2391833711051473E+002	1.2404778000000001E+000
1.2404694331007758E+002	1.2479305999999999E+000
1.2417545859760135E+002	1.2532833999999999E+000
1.2430391641341586E+002	1.2561869999999999E+000
1.2443235110805387E+002	1.2564709999999999E+000
1.2456079730886252E+002	1.2540986000000001E+000
1.2468928937160800E+002	1.2492360000000000E+000
1.2481786091079130E+002	1.2423020000000000E+000
1.2494653724180887E+002	1.2339249999999999E+000
1.2507531665390120E+002	1.2249066000000000E+000
1.2520422068413794E+002	1.2160400000000000E+000
1.2533327234644430E+002	1.2080328000000000E+000
1.2546249223154378E+002	1.2015122000000000E+000
1.2559189806208929E+002	1.1970008000000001E+000
1.2572150413917036E+002	1.1949719999999999E+000
1.2585130703479716E+002	1.1956920000000000E+000
1.2598100048852277E+002	1.1992258000000000E+000
1.2611046060929952E+002	1.2053636000000001E+000
1.2623970245792113E+002	1.2135296000000000E+000
1.2636874536209544E+002	1.2229254000000001E+000
1.2649761251706464E+002	1.2325501999999999E+000
1.2662633054365162E+002	1.2413981999999999E+000
1.2675492903362642E+002	1.2486603999999999E+000
1.2688343994322548E+002	1.2537756000000000E+000
1.2701189684437702E+002	1.2564130000000000E+000
1.2714033414640004E+002	1.2564177999999999E+000
1.2726878647788301E+002	1.2537738000000000E+000
1.2739728814114405E+002	1.2486706000000001E+000
1.2752587264771724E+002	1.2415522000000001E+000
1.2765456230965366E+002	1.2330656000000000E+000
1.2778335613370037E+002	1.2240218000000000E+000
1.2791227700908152E+002	1.2152046000000001E+000
1.2804134771394550E+002	1.2073138000000001E+000
1.2817058855848401E+002	1.2009635999999999E+000
1.2830001693428343E+002	1.1966762000000000E+000
1.2842964675108840E+002	1.1949074000000000E+000
1.2855945854709776E+002	1.1959020000000000E+000
1.2868912467741967E+002	1.1997016000000000E+000
1.2881855880394252E+002	1.2060630000000001E+000
1.2894777644184398E+002	1.2143832000000001E+000
1.2907679733357145E+002	1.2238404000000001E+000
1.2920564504200354E+002	1.2334221999999999E+000
1.2933434650880588E+002	1.2421384000000000E+000
1.2946293159326248E+002	1.2492018000000000E+000
1.2959143244815112E+002	1.2540804000000001E+000
1.2971988276004490E+002	1.2564624000000000E+000
1.2984831698082340E+002	1.2562021999999999E+000
1.2997676972634389E+002	1.2533032000000000E+000
1.3010527523813676E+002	1.2479772000000000E+000
1.3023386692293482E+002	1.2406931999999999E+000
1.3036256392807505E+002	1.2321177999999999E+000
1.3049136668429236E+002	1.2230694000000000E+000
1.3062029890982916E+002	1.2143238000000001E+000
1.3074938316056776E+002	1.2065722000000001E+000
1.3087863948219530E+002	1.2004155999999999E+000
1.3100808495136695E+002	1.1963762000000000E+000
1.3113773310339874E+002	1.1948908000000000E+000
1.3126754773156898E+002	1.1961858000000001E+000
1.3139719277196380E+002	1.2002763999999999E+000
1.3152660717854786E+002	1.2068808000000000E+000
1.3165580690541634E+002	1.2153712000000001E+000
1.3178481210119438E+002	1.2248984000000001E+000
1.3191364669281248E+002	1.2344409999999999E+000
1.3204233794396217E+002	1.2430260000000000E+000
1.3217091598177535E+002	1.2498868000000001E+000
1.3229941315504260E+002	1.2545200000000001E+000
1.3242786326557811E+002	1.2566326000000001E+000
1.3255630081193976E+002	1.2560925999999999E+000
1.3268476039901324E+002	1.2529258000000001E+000
1.3281327620525218E+002	1.2473685999999999E+000
1.3294188152420759E+002	1.2399140000000000E+000
1.3307059155057269E+002	1.2312468000000001E+000
1.3319940923238244E+002	1.2221888000000001E+000
1.3332835877252117E+002	1.2135066000000001E+000
1.3345746248183320E+002	1.2058840000000000E+000
1.3358674011617754E+002	1.1999084000000000E+000
1.3371620840859964E+002	1.1961021999999999E+000
1.3384588049179192E+002	1.1948810000000001E+000
1.3397569345526364E+002	1.1964518000000000E+000
1.3410531140552439E+002	1.2008030000000001E+000
1.3423470014600900E+002	1.2076169999999999E+000
1.3436387607828433E+002	1.2162443999999999E+000
1.3449285975631773E+002	1.2258119999999999E+000
1.3462167546493703E+002	1.2352920000000001E+000
1.3475035077940234E+002	1.2437308000000000E+000
1.3487891608093403E+002	1.2503820000000001E+000
1.3500740389899622E+002	1.2547728000000000E+000
1.3513584813362382E+002	1.2566272000000001E+000
1.3526428331445416E+002	1.2558232000000000E+000
1.3539274402246576E+002	1.2524055999999999E+000
1.3552126436695463E+002	1.2466349999999999E+000
1.3564987752799280E+002	1.2390292000000001E+000
1.3577859465174106E+002	1.2302915999999999E+000
1.3590742177008840E+002	1.2212444000000000E+000
1.3603638312346237E+002	1.2126479999999999E+000
1.3616550079215583E+002	1.2051772000000001E+000
1.3629479425858889E+002	1.1994066000000001E+000
1.3642427992825625E+002	1.1958578000000000E+000
1.3655397054788580E+002	1.1949250000000000E+000
1.3668377813198748E+002	1.1967968000000000E+000
1.3681337523389976E+002	1.2014330000000000E+000
1.3694274458770542E+002	1.2084766000000000E+000
1.3707190302834368E+002	1.2172550000000000E+000
1.3720087150762618E+002	1.2268703999999999E+000
1.3732967466576767E+002	1.2362910000000000E+000
1.3745834039083186E+002	1.2445824000000001E+000
1.3758689931827391E+002	1.2510212000000001E+000
1.3771538415736268E+002	1.2551593999999999E+000
1.3784382890773176E+002	1.2567406000000001E+000
1.3797226813415580E+002	1.2556578000000000E+000
1.3810073639477901E+002	1.2519773999999999E+000
1.3822926772602352E+002	1.2459864000000000E+000
1.3835789498954060E+002	1.2382244000000000E+000
1.3848662500125155E+002	1.2294128000000000E+000
1.3861546755511065E+002	1.2203704000000000E+000
1.3874444668658361E+002	1.2118510000000000E+000
1.3887358422215934E+002	1.2045212000000001E+000
1.3887358422215934E+002	1.1989430000000001E+000
1.3900289934491781E+002	1.1969774000000000E+000
1.3913240810380063E+002	1.1949590000000001E+000
1.3926212283139174E+002	1.1956891999999999E+000
1.3939191820141605E+002	1.1992312000000001E+000
1.3952148846715977E+002	1.2053742000000001E+000
1.3965083250214593E+002	1.2135412000000001E+000
1.3977996758154165E+002	1.2229330000000000E+000
1.3990891505299001E+002	1.2325482000000001E+000
1.4003769990502249E+002	1.2413820000000000E+000
1.4016635032731966E+002	1.2486278000000000E+000
1.4029489719561965E+002	1.2537267999999999E+000
1.4042337338322091E+002	1.2563498000000000E+000
1.4055181297235686E+002	1.2563409999999999E+000
1.4068025054777274E+002	1.2536837999999999E+000
1.4080872063310557E+002	1.2485691999999999E+000
1.4093725718689294E+002	1.2414432000000000E+000
1.4106589236946613E+002	1.2329547999999999E+000
1.4119462979320596E+002	1.2239161999999999E+000
1.4132348228707437E+002	1.2151111999999999E+000
1.4145247369167993E+002	1.2072384000000000E+000
1.4158162559463497E+002	1.2009114000000001E+000
1.4171095689607563E+002	1.1966520000000000E+000
1.4184048330463895E+002	1.1949149999999999E+000
1.4197021675483765E+002	1.1959443999999999E+000
1.4209999854701945E+002	1.1997793999999999E+000
1.4222954822682999E+002	1.2061721999999999E+000
1.4235887322770932E+002	1.2145172000000000E+000
1.4248799125232557E+002	1.2239890000000000E+000
1.4261692403768933E+002	1.2335746000000001E+000
1.4274569691919351E+002	1.2422846000000001E+000
1.4287433838931901E+002	1.2493334000000000E+000
1.4300287956394536E+002	1.2541906000000000E+000
1.4313135347965732E+002	1.2565458000000000E+000
1.4325979430340931E+002	1.2562568000000001E+000
1.4338823664367578E+002	1.2533300000000001E+000
1.4351671499000651E+002	1.2479798000000000E+000
1.4364526321800537E+002	1.2406766000000000E+000
1.4377391226847323E+002	1.2320882000000000E+000
1.4390266310959143E+002	1.2230327999999999E+000
1.4403153153201001E+002	1.2142847999999999E+000
1.4416054115975024E+002	1.2065353999999999E+000
1.4428971331765646E+002	1.2003843999999999E+000
1.4441906659637309E+002	1.1963539999999999E+000
1.4454861633545755E+002	1.1948791999999999E+000
1.4467837404327062E+002	1.1961842000000000E+000
1.4480813308723066E+002	1.2002826000000000E+000
1.4493765620065980E+002	1.2068913999999999E+000
1.4506695624494441E+002	1.2153818000000001E+000
1.4519605135489002E+002	1.2249038000000001E+000
1.4532496365374794E+002	1.2344358000000000E+000
1.4545371881563435E+002	1.2430062000000000E+000
1.4558234562390570E+002	1.2498499999999999E+000
1.4571087542017031E+002	1.2544671999999999E+000
1.4583934138819754E+002	1.2565658000000000E+000
1.4596777776268928E+002	1.2560119999999999E+000
1.4609621916107457E+002	1.2528324000000000E+000
1.4622470002860936E+002	1.2472642000000000E+000
1.4635325415397747E+002	1.2398030000000000E+000
1.4648191095001079E+002	1.2311356000000000E+000
1.4661066973119480E+002	1.2220842000000001E+000
1.4673954858582209E+002	1.2134156000000000E+000
1.4686857093346774E+002	1.2058122000000000E+000
1.4699775785144149E+002	1.1998607999999999E+000
1.4712712763730576E+002	1.1960835999999999E+000
1.4725669527819744E+002	1.1948947999999999E+000
1.4738647093518242E+002	1.1965007999999999E+000
1.4751620915473958E+002	1.2008871999999999E+000
1.4764571196107187E+002	1.2077316000000000E+000
1.4777499333905985E+002	1.2163820000000001E+000
1.4790407184436754E+002	1.2259621999999999E+000
1.4803296998112461E+002	1.2354438000000001E+000
1.4816171376178752E+002	1.2438743999999999E+000
1.4829033226166746E+002	1.2505096000000000E+000
1.4841885704780711E+002	1.2548775999999999E+000
1.4854732145076454E+002	1.2567045999999999E+000
1.4867575977594475E+002	1.2558716000000001E+000
1.4880420665297248E+002	1.2524265999999999E+000
1.4893269648257825E+002	1.2466328000000000E+000
1.4906126296015501E+002	1.2390090000000000E+000
1.4918993335863829E+002	1.2302595999999999E+000
1.4931870608003462E+002	1.2212064000000000E+000
1.4944760134654180E+002	1.2126086000000000E+000
1.4957664235106273E+002	1.2051407999999999E+000
1.4970584989888059E+002	1.1993765999999999E+000
1.4983524196720967E+002	1.1958371999999999E+000
1.4996483316226161E+002	1.1949152000000001E+000

 
