1.0633884715998360E-001	1.9012498000000000E+000
2.0550436329500615E-001	1.0122748000000000E+001
3.0126064728555840E-001	5.3019800000000004E+000
3.9577769435208171E-001	2.5300720000000001E+000
4.9042655711433203E-001	1.0518042000000001E+000
5.8584158206702142E-001	4.6642060000000002E-001
6.8210681881327739E-001	4.0404720000000000E-001
7.7913875126215693E-001	5.6769680000000000E-001
8.7679966686486011E-001	7.9568740000000004E-001
9.7494768798252696E-001	9.8355239999999999E-001
1.0734881121268360E+000	1.0794265999999999E+000
1.1723313213048838E+000	1.2196174000000000E+000
1.2714580197016847E+000	1.2326493999999999E+000
1.3708708281959467E+000	1.2518716000000001E+000
1.4705618645347525E+000	1.2423088000000000E+000
1.5704775985262398E+000	1.3222612000000000E+000
1.6706275443422178E+000	1.2602758000000001E+000
1.7710240355625364E+000	1.2853724000000000E+000
1.8716651557888306E+000	1.2722983999999999E+000
1.9725264340991098E+000	1.2196548000000000E+000
2.0736027172046514E+000	1.2785093999999999E+000
2.1748562647183305E+000	1.2911627999999999E+000
2.2762610889639037E+000	1.2353580000000000E+000
2.3777561904102313E+000	1.2253722000000000E+000
2.4793209021223572E+000	1.2350690000000000E+000
2.5809584040053517E+000	1.2062033999999999E+000
2.6826780633810094E+000	1.1708038000000001E+000
2.7844754482983327E+000	1.1797148000000000E+000
2.8863324769102454E+000	1.2111506000000001E+000
2.9882335030437379E+000	1.2142016000000000E+000
3.0901823808368700E+000	1.1835700000000000E+000
3.1921919572438409E+000	1.1487769999999999E+000
3.2942692685104689E+000	1.1413458000000001E+000
3.3964071164621954E+000	1.1551948000000001E+000
3.4985960802559735E+000	1.1627460000000001E+000
3.6008335145864634E+000	1.1466592000000000E+000
3.7031273325529854E+000	1.1213573999999999E+000
3.8054855407029677E+000	1.1048925999999999E+000
3.9079077713224257E+000	1.1044176000000001E+000
4.0103829941195697E+000	1.1186650000000000E+000
4.1128963024734606E+000	1.1330270000000000E+000
4.2154388830411369E+000	1.1335800000000000E+000
4.3180121050096023E+000	1.1188444000000000E+000
4.4206251729706141E+000	1.0964944000000001E+000
4.5232888352098177E+000	1.0770873999999999E+000
4.6260086577284705E+000	1.0685705999999999E+000
4.7287824091729567E+000	1.0714922000000000E+000
4.8316019414803604E+000	1.0798576000000000E+000
4.9344577433878092E+000	1.0861334000000000E+000
5.0373434467043809E+000	1.0857660000000000E+000
5.1402584051554534E+000	1.0779000000000001E+000
5.2432070912604596E+000	1.0648850000000001E+000
5.3461960459826221E+000	1.0513660000000000E+000
5.4492300374497900E+000	1.0423173999999999E+000
5.5523092846186337E+000	1.0402994000000001E+000
5.6554292812017959E+000	1.0441646000000000E+000
5.7585829337887660E+000	1.0500803999999999E+000
5.8617634882951792E+000	1.0541955999999999E+000
5.9649666986655063E+000	1.0543852000000000E+000
6.0681916999475805E+000	1.0501297999999999E+000
6.1714408269209216E+000	1.0420406000000000E+000
6.2747185957019784E+000	1.0317740000000000E+000
6.3780301249123230E+000	1.0217442000000001E+000
6.4813794222459933E+000	1.0142582000000000E+000
6.5847679675650364E+000	1.0105413999999999E+000
6.6881943373061450E+000	1.0103367999999999E+000
6.7916548816528035E+000	1.0122450000000001E+000
6.8951449796845248E+000	1.0145552000000000E+000
6.9986602484303209E+000	1.0160224000000000E+000
7.1021973169737240E+000	1.0160929999999999E+000
7.2057541549525359E+000	1.0146538000000001E+000
7.3093301238788086E+000	1.0117824000000000E+000
7.4129255068414857E+000	1.0077438000000001E+000
7.5165409998525607E+000	1.0030834000000000E+000
7.6201782954834503E+000	9.9858159999999996E-001
7.7238387043976102E+000	9.9500800000000000E-001
7.8275226093284251E+000	9.9279600000000001E-001
7.9312293361389941E+000	9.9184159999999999E-001
8.0349574538865358E+000	9.9156400000000000E-001
8.1387053426411136E+000	9.9121000000000004E-001
8.2424717575960695E+000	9.9020120000000000E-001
8.3462561611724055E+000	9.8832540000000002E-001
8.4500587440935213E+000	9.8571319999999996E-001
8.5538802036012793E+000	9.8269039999999996E-001
8.6577214176486859E+000	9.7961640000000005E-001
8.7615831500827550E+000	9.7676700000000005E-001
8.8654658672787026E+000	9.7428499999999996E-001
8.9693696761172657E+000	9.7220680000000004E-001
9.0732943402143000E+000	9.7052400000000005E-001
9.1772393195051443E+000	9.6922779999999997E-001
9.2812038083326556E+000	9.6830039999999995E-001
9.3851867873737671E+000	9.6767119999999995E-001
9.4891871185780143E+000	9.6718800000000005E-001
9.5932036903344784E+000	9.6663840000000001E-001
9.6972355813879076E+000	9.6581819999999996E-001
9.8012821887379165E+000	9.6460740000000000E-001
9.9053432731090805E+000	9.6300940000000002E-001
1.0009418908417077E+001	9.6114040000000001E-001
1.0113509357982878E+001	9.5918099999999995E-001
1.0217614920832952E+001	9.5731460000000002E-001
1.0321735795886221E+001	9.5567460000000004E-001
1.0425871999295868E+001	9.5431580000000005E-001
1.0530023348594318E+001	9.5321400000000001E-001
1.0634189504516312E+001	9.5228979999999996E-001
1.0738370044450896E+001	9.5144740000000005E-001
1.0842564537295027E+001	9.5060659999999997E-001
1.0946772403997178E+001	9.4972000000000001E-001
1.1050991894644147E+001	9.4876660000000002E-001
1.1155222442830604E+001	9.4773540000000001E-001
1.1259463861848918E+001	9.4661059999999997E-001
1.1363716079286156E+001	9.4536980000000004E-001
1.1467979149968116E+001	9.4399540000000004E-001
1.1572253257565494E+001	9.4249000000000005E-001
1.1676538695723671E+001	9.4088559999999999E-001
1.1780835825534700E+001	9.3924260000000004E-001
1.1885145014542482E+001	9.3763719999999995E-001
1.1989466569591421E+001	9.3614520000000001E-001
1.2093800676802248E+001	9.3482620000000005E-001
1.2198147361112866E+001	9.3371360000000003E-001
1.2302506470968142E+001	9.3281080000000005E-001
1.2406877690632966E+001	9.3209200000000003E-001
1.2511260576765633E+001	9.3151019999999995E-001
1.2615654611085210E+001	9.3100559999999999E-001
1.2720059259742232E+001	9.3051580000000000E-001
1.2824474028940072E+001	9.2998700000000001E-001
1.2928898507635234E+001	9.2938279999999995E-001
1.3033332391170656E+001	9.2868839999999997E-001
1.3137775484020764E+001	9.2791080000000004E-001
1.3242227684952608E+001	9.2707119999999998E-001
1.3346688962376291E+001	9.2619660000000004E-001
1.3451159328218029E+001	9.2531019999999997E-001
1.3555638817488461E+001	9.2442679999999999E-001
1.3660127476372478E+001	9.2355120000000002E-001
1.3764625358025180E+001	9.2268240000000001E-001
1.3869132522438928E+001	9.2181800000000003E-001
1.3973649036399321E+001	9.2095939999999998E-001
1.4078174970254134E+001	9.2011220000000005E-001
1.4182710390853112E+001	9.1928699999999997E-001
1.4287255352281319E+001	9.1849499999999995E-001
1.4391809886681408E+001	9.1774540000000004E-001
1.4496373997954478E+001	9.1704180000000002E-001
1.4600947660288892E+001	9.1638180000000002E-001
1.4705530821650243E+001	9.1575740000000005E-001
1.4810123411545442E+001	9.1515659999999999E-001
1.4914725351094184E+001	9.1456680000000001E-001
1.5019336563084412E+001	9.1397660000000003E-001
1.5123956980499347E+001	9.1337780000000002E-001
1.5228586552152834E+001	9.1276559999999995E-001
1.5333225244364387E+001	9.1214059999999997E-001
1.5437873038666869E+001	9.1150699999999996E-001
1.5542528689335294E+001	9.1087180000000001E-001
1.5647189744345994E+001	9.1024400000000005E-001
1.5751856076391185E+001	9.0963200000000000E-001
1.5856527626126434E+001	9.0904140000000000E-001
1.5961204335400831E+001	9.0847440000000002E-001
1.6065886145634206E+001	9.0792960000000000E-001
1.6170572999481514E+001	9.0740180000000004E-001
1.6275264844751163E+001	9.0688460000000004E-001
1.6379961639327941E+001	9.0637140000000005E-001
1.6484663355903386E+001	9.0585760000000004E-001
1.6589369984866277E+001	9.0534060000000005E-001
1.6694081534833028E+001	9.0482079999999998E-001
1.6798798031539818E+001	9.0430060000000001E-001
1.6903519514930913E+001	9.0378360000000002E-001
1.7008246035454849E+001	9.0327360000000001E-001
1.7112977650467158E+001	9.0277320000000005E-001
1.7217714421499466E+001	9.0228359999999996E-001
1.7322456412811700E+001	9.0180459999999996E-001
1.7427203691262221E+001	9.0133439999999998E-001
1.7531956327170764E+001	9.0087059999999997E-001
1.7636714396030946E+001	9.0041020000000005E-001
1.7741477980143678E+001	8.9995119999999995E-001
1.7846247169782334E+001	8.9949179999999995E-001
1.7951022063569265E+001	8.9903219999999995E-001
1.8055802767914109E+001	8.9857319999999996E-001
1.8160589395273131E+001	8.9811660000000004E-001
1.8265382061740365E+001	8.9766539999999995E-001
1.8370180884095433E+001	8.9722219999999997E-001
1.8474985976674095E+001	8.9678939999999996E-001
1.8579797448603340E+001	8.9636899999999997E-001
1.8684615401475831E+001	8.9596180000000003E-001
1.8789439927893504E+001	8.9556780000000002E-001
1.8894271110775229E+001	8.9518640000000005E-001
1.8999109023480504E+001	8.9481560000000004E-001
1.9103953730597969E+001	8.9445339999999995E-001
1.9208805289116814E+001	8.9409720000000004E-001
1.9313663749710503E+001	8.9374500000000001E-001
1.9418529157693456E+001	8.9339500000000005E-001
1.9523401553485240E+001	8.9304600000000001E-001
1.9628280972405047E+001	8.9269820000000000E-001
1.9733166557891735E+001	8.9235240000000005E-001
1.9838053837725074E+001	8.9200979999999996E-001
1.9942942091780921E+001	8.9167200000000002E-001
2.0047831224731588E+001	8.9134060000000004E-001
2.0152721160483285E+001	8.9101660000000005E-001
2.0257611841631114E+001	8.9070119999999997E-001
2.0362503229300923E+001	8.9039400000000002E-001
2.0467395303411749E+001	8.9009479999999996E-001
2.0572288063263898E+001	8.8980260000000000E-001
2.0677181528331101E+001	8.8951639999999998E-001
2.0782075738923471E+001	8.8923479999999999E-001
2.0886970756839865E+001	8.8895700000000000E-001
2.0991866665568150E+001	8.8868239999999998E-001
2.1096763569949999E+001	8.8841079999999994E-001
2.1201661595521042E+001	8.8814199999999999E-001
2.1306560887527404E+001	8.8787660000000002E-001
2.1411461609490008E+001	8.8761460000000003E-001
2.1516363941778142E+001	8.8735699999999995E-001
2.1621268080072635E+001	8.8710339999999999E-001
2.1726174233984505E+001	8.8685420000000004E-001
2.1831082625729714E+001	8.8660919999999999E-001
2.1935993488798420E+001	8.8636800000000004E-001
2.2040907066784023E+001	8.8613019999999998E-001
2.2145823612040417E+001	8.8589540000000000E-001
2.2250743384938385E+001	8.8566299999999998E-001
2.2355666652418645E+001	8.8543280000000002E-001
2.2460593686261507E+001	8.8520460000000001E-001
2.2565524761193636E+001	8.8497859999999995E-001
2.2670460152991005E+001	8.8475479999999995E-001
2.2775400136694401E+001	8.8453340000000003E-001
2.2880344984793325E+001	8.8431439999999994E-001
2.2985294965378422E+001	8.8409819999999995E-001
2.3090250340230192E+001	8.8388480000000003E-001
2.3195211363271383E+001	8.8367379999999995E-001
2.3300178279081834E+001	8.8346519999999995E-001
2.3405151321495037E+001	8.8325900000000002E-001
2.3510130712244205E+001	8.8305440000000002E-001
2.3615116659680915E+001	8.8285179999999996E-001
2.3720109357454721E+001	8.8265079999999996E-001
2.3825108983187565E+001	8.8245180000000001E-001
2.3930115696926595E+001	8.8225460000000000E-001
2.4035129639902852E+001	8.8205999999999996E-001
2.4140150933021221E+001	8.8186819999999999E-001
2.4245179675155789E+001	8.8168000000000002E-001
2.4350214574775283E+001	8.8149560000000005E-001
2.4455248412719207E+001	8.8131599999999999E-001
2.4560280046954755E+001	8.8114179999999998E-001
2.4665309404786083E+001	8.8097340000000002E-001
2.4770336439170485E+001	8.8081160000000003E-001
2.4875361128845590E+001	8.8065680000000002E-001
2.4980383478716892E+001	8.8050919999999999E-001
2.5085403520219170E+001	8.8036899999999996E-001
2.5190421311238783E+001	8.8023640000000003E-001
2.5295436936085348E+001	8.8011119999999998E-001
2.5400450505394545E+001	8.7999360000000004E-001
2.5505462156016058E+001	8.7988319999999998E-001
2.5610472050577883E+001	8.7977980000000000E-001
2.5715480376975925E+001	8.7968320000000000E-001
2.5820487347768896E+001	8.7959279999999995E-001
2.5925493199582430E+001	8.7950859999999997E-001
2.6030498191960575E+001	8.7943000000000005E-001
2.6135502606099550E+001	8.7935680000000005E-001
2.6240506743586188E+001	8.7928859999999998E-001
2.6345510924651830E+001	8.7922540000000005E-001
2.6450515486539864E+001	8.7916680000000003E-001
2.6555520781556652E+001	8.7911360000000005E-001
2.6660527174562560E+001	8.7906540000000000E-001
2.6765535040838145E+001	8.7902219999999998E-001
2.6870544763856689E+001	8.7898440000000000E-001
2.6975556732756722E+001	8.7895140000000005E-001
2.7080571340152275E+001	8.7892420000000004E-001
2.7185588979228271E+001	8.7890320000000000E-001
2.7290610040751364E+001	8.7888860000000002E-001
2.7395634910710733E+001	8.7888020000000000E-001
2.7500663967970905E+001	8.7887879999999996E-001
2.7605697581782412E+001	8.7888460000000002E-001
2.7710736108681772E+001	8.7889919999999999E-001
2.7815779889627983E+001	8.7892260000000000E-001
2.7920829247519620E+001	8.7895540000000005E-001
2.8025884484703433E+001	8.7899919999999998E-001
2.8130945879966987E+001	8.7905440000000001E-001
2.8236013686402593E+001	8.7912239999999997E-001
2.8341088128687915E+001	8.7920339999999997E-001
2.8446169401367868E+001	8.7929840000000004E-001
2.8551257666629649E+001	8.7940900000000000E-001
2.8656353051506073E+001	8.7953599999999998E-001
2.8761452800220301E+001	8.7968020000000002E-001
2.8866546044950880E+001	8.7984220000000002E-001
2.8971631527326451E+001	8.8002219999999998E-001
2.9076709066946780E+001	8.8022040000000001E-001
2.9181778524081860E+001	8.8043740000000004E-001
2.9286839800567748E+001	8.8067419999999996E-001
2.9391892839981626E+001	8.8092959999999998E-001
2.9496937629448755E+001	8.8120399999999999E-001
2.9601974200548227E+001	8.8149639999999996E-001
2.9707002629481643E+001	8.8180780000000003E-001
2.9812023036657120E+001	8.8213719999999995E-001
2.9917035586928886E+001	8.8248439999999995E-001
3.0022040489244020E+001	8.8284779999999996E-001
3.0127037995917043E+001	8.8322900000000004E-001
3.0232028400981687E+001	8.8362700000000005E-001
3.0337012038440356E+001	8.8404020000000005E-001
3.0441989281409459E+001	8.8446899999999995E-001
3.0546960540012936E+001	8.8491580000000003E-001
3.0651926256213471E+001	8.8537900000000003E-001
3.0756886902344789E+001	8.8585800000000003E-001
3.0861842979450319E+001	8.8635640000000004E-001
3.0966795010466210E+001	8.8687380000000005E-001
3.1071743536961730E+001	8.8741159999999997E-001
3.1176689115713465E+001	8.8797199999999998E-001
3.1281632312508290E+001	8.8855720000000005E-001
3.1386573697036788E+001	8.8916680000000003E-001
3.1491513840101302E+001	8.8980479999999995E-001
3.1596453307754754E+001	8.9047440000000000E-001
3.1701392654300992E+001	8.9117860000000004E-001
3.1806332417291774E+001	8.9191880000000001E-001
3.1911273111381838E+001	8.9269880000000001E-001
3.2016215225319534E+001	8.9352120000000002E-001
3.2121159213651225E+001	8.9438600000000001E-001
3.2226105495988840E+001	8.9530180000000004E-001
3.2331054447226080E+001	8.9626560000000000E-001
3.2436006397316405E+001	8.9728459999999999E-001
3.2540961623782671E+001	8.9836099999999997E-001
3.2645920347645031E+001	8.9949520000000005E-001
3.2750882731854936E+001	9.0069120000000003E-001
3.2855848879355349E+001	9.0195539999999996E-001
3.2960818826593645E+001	9.0328439999999999E-001
3.3065788682378134E+001	9.0468260000000000E-001
3.3170739508637006E+001	9.0615460000000003E-001
3.3275668160794510E+001	9.0769860000000002E-001
3.3380573978055239E+001	9.0931700000000004E-001
3.3485456370628320E+001	9.1100899999999996E-001
3.3590314825917204E+001	9.1277439999999999E-001
3.3695148916904472E+001	9.1461579999999998E-001
3.3799958303916796E+001	9.1652540000000005E-001
3.3904742750006918E+001	9.1850399999999999E-001
3.4009502126013253E+001	9.2055299999999995E-001
3.4114236411984194E+001	9.2266380000000003E-001
3.4218945709205961E+001	9.2483899999999997E-001
3.4323630241307256E+001	9.2706679999999997E-001
3.4428290363235746E+001	9.2934479999999997E-001
3.4532913961412333E+001	9.3166459999999995E-001
3.4637434138357911E+001	9.3402600000000002E-001
3.4741864288057194E+001	9.3640979999999996E-001
3.4846235999706956E+001	9.3882500000000002E-001
3.4950585171751584E+001	9.4126759999999998E-001
3.5054951930411576E+001	9.4373980000000002E-001
3.5159371212239584E+001	9.4623139999999994E-001
3.5263774320170832E+001	9.4876079999999996E-001
3.5368161160225036E+001	9.5131379999999999E-001
3.5472566165036760E+001	9.5388119999999998E-001
3.5577012049061842E+001	9.5647479999999996E-001
3.5681454322711247E+001	9.5910899999999999E-001
3.5785887691594858E+001	9.6177239999999997E-001
3.5890313776862122E+001	9.6446779999999999E-001
3.5994734155665164E+001	9.6720260000000002E-001
3.6099150339969299E+001	9.6997400000000000E-001
3.6203563747070397E+001	9.7276940000000001E-001
3.6307975682272044E+001	9.7559379999999996E-001
3.6412387318045290E+001	9.7845040000000005E-001
3.6516799664011934E+001	9.8133979999999998E-001
3.6621212191089391E+001	9.8427240000000005E-001
3.6725590441887569E+001	9.8722339999999997E-001
3.6829918524315957E+001	9.9018119999999998E-001
3.6934195975489359E+001	9.9316780000000005E-001
3.7038422708533432E+001	9.9617840000000002E-001
3.7142599004494777E+001	9.9920960000000003E-001
3.7246725541471491E+001	1.0022788000000000E+000
3.7350803376473557E+001	1.0053310000000000E+000
3.7454833973078273E+001	1.0083846000000001E+000
3.7558819196299218E+001	1.0114394000000000E+000
3.7662761273329743E+001	1.0144854000000001E+000
3.7766662775264322E+001	1.0175072000000001E+000
3.7870526595545023E+001	1.0204906000000000E+000
3.7974355924117141E+001	1.0234304000000001E+000
3.8078154206210399E+001	1.0263068000000000E+000
3.8181925101821662E+001	1.0290830000000000E+000
3.8285672471827979E+001	1.0317453999999999E+000
3.8389400328749950E+001	1.0342566000000000E+000
3.8493112794019176E+001	1.0365941999999999E+000
3.8596814057826506E+001	1.0387442000000000E+000
3.8700508330951578E+001	1.0406896000000001E+000
3.8804199805504240E+001	1.0424131999999999E+000
3.8907892613379822E+001	1.0439540000000000E+000
3.9011590745889997E+001	1.0453454000000000E+000
3.9115297992075369E+001	1.0466226000000001E+000
3.9219017861335622E+001	1.0478326000000000E+000
3.9322753504534866E+001	1.0490037999999999E+000
3.9426507654987212E+001	1.0501966000000000E+000
3.9530282565284999E+001	1.0514446000000000E+000
3.9634055763988854E+001	1.0527586000000000E+000
3.9737774996608792E+001	1.0541518000000001E+000
3.9841439165443461E+001	1.0556540000000001E+000
3.9945049646740280E+001	1.0572982000000000E+000
4.0048608384383499E+001	1.0590995999999999E+000
4.0152117865162367E+001	1.0610599999999999E+000
4.0255581063278981E+001	1.0631527999999999E+000
4.0359001409746234E+001	1.0653862000000001E+000
4.0462382723011842E+001	1.0677360000000000E+000
4.0565729128985680E+001	1.0701415999999999E+000
4.0669045027090206E+001	1.0725460000000000E+000
4.0772335025714916E+001	1.0748500000000001E+000
4.0875603934700202E+001	1.0770114000000000E+000
4.0978856740934617E+001	1.0789822000000000E+000
4.1082098558176632E+001	1.0807089999999999E+000
4.1185334585852139E+001	1.0821494000000000E+000
4.1288570066688607E+001	1.0832952000000000E+000
4.1391810212662982E+001	1.0841200000000000E+000
4.1495060200528975E+001	1.0846448000000000E+000
4.1598325103235673E+001	1.0848910000000000E+000
4.1701609820997263E+001	1.0848937999999999E+000
4.1804919015506151E+001	1.0847130000000000E+000
4.1908257031754566E+001	1.0844418000000000E+000
4.2011627794184363E+001	1.0841954000000000E+000
4.2115034723046740E+001	1.0840958000000001E+000
4.2218480587505709E+001	1.0842148000000000E+000
4.2321914994762466E+001	1.0846093999999999E+000
4.2425290613937314E+001	1.0852770000000000E+000
4.2528608190587910E+001	1.0862540000000001E+000
4.2631869217349497E+001	1.0875452000000001E+000
4.2735075902012092E+001	1.0890994000000001E+000
4.2838231178168918E+001	1.0909044000000001E+000
4.2941338651672595E+001	1.0929194000000000E+000
4.3044402530617795E+001	1.0951375999999999E+000
4.3147427535803168E+001	1.0974835999999999E+000
4.3250418810565243E+001	1.0999091999999999E+000
4.3353381777391249E+001	1.1023316000000001E+000
4.3456322162535031E+001	1.1046444000000000E+000
4.3559245929603534E+001	1.1067160000000000E+000
4.3662159202467251E+001	1.1084368000000000E+000
4.3765068229004747E+001	1.1097444000000001E+000
4.3867979329776539E+001	1.1106102000000000E+000
4.3970898839036188E+001	1.1110244000000000E+000
4.4073833063658917E+001	1.1110126000000000E+000
4.4176788233300094E+001	1.1106258000000000E+000
4.4279770398165219E+001	1.1099470000000000E+000
4.4382785354917274E+001	1.1090830000000000E+000
4.4485838558921913E+001	1.1081334000000000E+000
4.4588935049171411E+001	1.1071994000000001E+000
4.4692079348678540E+001	1.1064418000000000E+000
4.4795275339736669E+001	1.1059846000000000E+000
4.4898526076162213E+001	1.1059707999999999E+000
4.5001766507359029E+001	1.1064950000000000E+000
4.5104938791105418E+001	1.1076090000000001E+000
4.5208043694343182E+001	1.1092964000000001E+000
4.5311082856540075E+001	1.1115067999999999E+000
4.5414058814493281E+001	1.1141452000000001E+000
4.5516974947887050E+001	1.1170916000000000E+000
4.5619835443908364E+001	1.1202616000000001E+000
4.5722645364800037E+001	1.1235470000000001E+000
4.5825410529905149E+001	1.1268558000000000E+000
4.5928137395682157E+001	1.1300384000000001E+000
4.6030832929887957E+001	1.1329822000000001E+000
4.6133504506565274E+001	1.1355700000000000E+000
4.6236159789029969E+001	1.1376695999999999E+000
4.6338806635098052E+001	1.1391574000000000E+000
4.6441453038781894E+001	1.1399534000000000E+000
4.6544107067078514E+001	1.1400712000000000E+000
4.6646776748913119E+001	1.1395780000000000E+000
4.6749470012488693E+001	1.1385612000000001E+000
4.6852194614547663E+001	1.1371566000000000E+000
4.6954957969465383E+001	1.1355156000000000E+000
4.7057767067725202E+001	1.1337926000000000E+000
4.7160628391654448E+001	1.1321608000000001E+000
4.7263547782266386E+001	1.1307980000000000E+000
4.7366530329607208E+001	1.1298466000000000E+000
4.7469580263453388E+001	1.1294716000000000E+000
4.7572670766186576E+001	1.1298078000000000E+000
4.7675688765261668E+001	1.1309579999999999E+000
4.7778623774462503E+001	1.1329806000000000E+000
4.7881477431222308E+001	1.1358326000000001E+000
4.7984252388217371E+001	1.1393865999999999E+000
4.8086952299912468E+001	1.1434750000000000E+000
4.8189581954929892E+001	1.1478690000000000E+000
4.8292147230441373E+001	1.1523360000000000E+000
4.8394654999719457E+001	1.1566768000000001E+000
4.8497113029501300E+001	1.1607098000000000E+000
4.8599529854535305E+001	1.1642808000000000E+000
4.8701914595069148E+001	1.1672256000000001E+000
4.8804276818683064E+001	1.1694266000000000E+000
4.8906626426684241E+001	1.1707677999999999E+000
4.9008973563175523E+001	1.1711824000000000E+000
4.9111328406599426E+001	1.1706426000000001E+000
4.9213700996695550E+001	1.1692431999999999E+000
4.9316101202612764E+001	1.1671617999999999E+000
4.9418538615688817E+001	1.1645892000000000E+000
4.9521022437065319E+001	1.1617550000000001E+000
4.9623561342578377E+001	1.1588967999999999E+000
4.9726163360288254E+001	1.1562154000000000E+000
4.9828835748331514E+001	1.1539459999999999E+000
4.9931584855864145E+001	1.1522938000000000E+000
5.0034415986964802E+001	1.1514300000000000E+000
5.0137332687032220E+001	1.1515080000000000E+000
5.0240230772143235E+001	1.1526406000000000E+000
5.0343032278928980E+001	1.1548760000000000E+000
5.0445739009009721E+001	1.1582040000000000E+000
5.0548353902401331E+001	1.1625194000000001E+000
5.0650881111657768E+001	1.1675860000000000E+000
5.0753326032347672E+001	1.1731096000000001E+000
5.0855695277080748E+001	1.1787278000000001E+000
5.0957996595509918E+001	1.1841003999999999E+000
5.1060238801463044E+001	1.1889656000000000E+000
5.1162431655608309E+001	1.1931132000000000E+000
5.1264585685518881E+001	1.1963830000000000E+000
5.1366712005836547E+001	1.1986412000000000E+000
5.1468822272528890E+001	1.1998215999999999E+000
5.1570928226934008E+001	1.1998674000000000E+000
5.1673041542879176E+001	1.1987852000000001E+000
5.1775173772293442E+001	1.1966304000000001E+000
5.1877336281913948E+001	1.1936032000000001E+000
5.1979540143215168E+001	1.1899729999999999E+000
5.2081795984640806E+001	1.1860280000000001E+000
5.2184113848728188E+001	1.1820738000000000E+000
5.2286503040865050E+001	1.1783969999999999E+000
5.2388971993726166E+001	1.1752384000000000E+000
5.2491528135205627E+001	1.1728570000000000E+000
5.2594177744912834E+001	1.1714640000000001E+000
5.2696925784782827E+001	1.1712085999999999E+000
5.2799703831169616E+001	1.1721927999999999E+000
5.2902377124201010E+001	1.1744741999999999E+000
5.3004944399699589E+001	1.1780440000000001E+000
5.3107409151887737E+001	1.1827897999999999E+000
5.3209776251254375E+001	1.1884732000000000E+000
5.3312051752200247E+001	1.1947300000000001E+000
5.3414242965367826E+001	1.2011312000000001E+000
5.3516358460782314E+001	1.2072221999999999E+000
5.3618407968270475E+001	1.2126136000000001E+000
5.3720402276296532E+001	1.2170280000000000E+000
5.3822353111667148E+001	1.2203172000000000E+000
5.3924273032155270E+001	1.2223546000000001E+000
5.4026174929688295E+001	1.2231140000000000E+000
5.4128071787396301E+001	1.2225968000000000E+000
5.4229976561687955E+001	1.2208289999999999E+000
5.4331902060989513E+001	1.2178762000000001E+000
5.4433860838874885E+001	1.2139196000000001E+000
5.4535865116665370E+001	1.2092628000000001E+000
5.4637926641504663E+001	1.2042394000000001E+000
5.4740056544776920E+001	1.1992309999999999E+000
5.4842265170888929E+001	1.1945846000000000E+000
5.4944561922969037E+001	1.1906078000000000E+000
5.5046955111774132E+001	1.1875568000000001E+000
5.5149451820810370E+001	1.1856880000000001E+000
5.5252057715767961E+001	1.1851824000000000E+000
5.5354746352162195E+001	1.1861098000000001E+000
5.5457346112521705E+001	1.1885288000000001E+000
5.5559831757958584E+001	1.1924033999999999E+000
5.5662207106795265E+001	1.1976059999999999E+000
5.5764477449845522E+001	1.2038937999999999E+000
5.5866649399915474E+001	1.2108544000000001E+000
5.5968730767095316E+001	1.2179986000000000E+000
5.6070730692251935E+001	1.2247863999999999E+000
5.6172659579770311E+001	1.2307238000000000E+000
5.6274529001267027E+001	1.2354666000000001E+000
5.6376351684588506E+001	1.2388116000000000E+000
5.6478141080979334E+001	1.2406763999999999E+000
5.6579910985841416E+001	1.2410418000000001E+000
5.6681675370407895E+001	1.2399655999999999E+000
5.6783448215233172E+001	1.2375042000000001E+000
5.6885243313025157E+001	1.2337545999999999E+000
5.6987074134511175E+001	1.2288824000000000E+000
5.7088953759939137E+001	1.2232076000000001E+000
5.7190894778268330E+001	1.2171084000000001E+000
5.7292909141889723E+001	1.2110156000000001E+000
5.7395007998675069E+001	1.2053372000000000E+000
5.7497201511907029E+001	1.2004356000000000E+000
5.7599498700786185E+001	1.1966121999999999E+000
5.7701907280681432E+001	1.1941447999999999E+000
5.7804433477798327E+001	1.1932320000000001E+000
5.7907061528076738E+001	1.1939606000000000E+000
5.8009610202580156E+001	1.1963645999999999E+000
5.8112037873879309E+001	1.2003986000000000E+000
5.8214348501971919E+001	1.2059172000000000E+000
5.8316547621161604E+001	1.2126568000000000E+000
5.8418642195102855E+001	1.2201906000000000E+000
5.8520640416069270E+001	1.2279880000000001E+000
5.8622551830537247E+001	1.2354544000000001E+000
5.8724387305397713E+001	1.2420177999999999E+000
5.8826158998323656E+001	1.2472529999999999E+000
5.8927880241500105E+001	1.2509028000000000E+000
5.9029565084832036E+001	1.2529044000000000E+000
5.9131228022447146E+001	1.2532517999999999E+000
5.9232883780653161E+001	1.2520378000000001E+000
5.9334547067054920E+001	1.2493487999999999E+000
5.9436232379602352E+001	1.2452888000000000E+000
5.9537953881228241E+001	1.2400274000000000E+000
5.9639725305932998E+001	1.2338686000000001E+000
5.9741559886381424E+001	1.2272278000000001E+000
5.9843470207944300E+001	1.2205518000000000E+000
5.9945468056303902E+001	1.2143048000000001E+000
6.0047564210210965E+001	1.2088893999999999E+000
6.0149768271090224E+001	1.2046504000000000E+000
6.0252088485026839E+001	1.2018542000000001E+000
6.0354531555010858E+001	1.2007376000000001E+000
6.0457100782038069E+001	1.2014039999999999E+000
6.0559643212887920E+001	1.2038456000000000E+000
6.0662058928880640E+001	1.2080118000000000E+000
6.0764351932661484E+001	1.2137434000000000E+000
6.0866527875166369E+001	1.2207650000000001E+000
6.0968593920517577E+001	1.2286585999999999E+000
6.1070558537783306E+001	1.2368718000000001E+000
6.1172431466793547E+001	1.2447760000000001E+000
6.1274223821991775E+001	1.2517469999999999E+000
6.1375948092896571E+001	1.2572934000000000E+000
6.1477617945259382E+001	1.2611132000000000E+000
6.1579247854412408E+001	1.2631319999999999E+000
6.1680852822287591E+001	1.2633786000000000E+000
6.1782448082310808E+001	1.2619608000000000E+000
6.1884048877584952E+001	1.2590074000000000E+000
6.1985670242760847E+001	1.2546420000000000E+000
6.2087326857045198E+001	1.2490311999999999E+000
6.2189032941192302E+001	1.2424586000000000E+000
6.2290802196235461E+001	1.2353460000000001E+000
6.2392647679005158E+001	1.2281588000000001E+000
6.2494581654473166E+001	1.2213963999999999E+000
6.2596615383373944E+001	1.2154908000000000E+000
6.2698758940148359E+001	1.2108091999999999E+000
6.2801021021591566E+001	1.2076332000000001E+000
6.2903408752331238E+001	1.2062128000000001E+000
6.3005927482768286E+001	1.2066657999999999E+000
6.3108449566887110E+001	1.2089778000000000E+000
6.3210841559653794E+001	1.2130913999999999E+000
6.3313107416720115E+001	1.2188369999999999E+000
6.3415252805616078E+001	1.2259370000000001E+000
6.3517284952813633E+001	1.2339874000000000E+000
6.3619212455773528E+001	1.2424302000000000E+000
6.3721045137983822E+001	1.2506222000000000E+000
6.3822794210331814E+001	1.2579046000000000E+000
6.3924472312618349E+001	1.2637271999999999E+000
6.4026093259420151E+001	1.2677470000000000E+000
6.4127671758931712E+001	1.2698579999999999E+000
6.4229223072091045E+001	1.2701093999999999E+000
6.4330762744517898E+001	1.2686172000000000E+000
6.4432306368295940E+001	1.2655402000000000E+000
6.4533869340237359E+001	1.2610154000000000E+000
6.4635466693050134E+001	1.2552116000000000E+000
6.4737112988149647E+001	1.2483952000000000E+000
6.4838822251228322E+001	1.2409771999999999E+000
6.4940607873946050E+001	1.2334334000000000E+000
6.5042482468680063E+001	1.2262856000000000E+000
6.5144457664432224E+001	1.2199906000000000E+000
6.5246543906758234E+001	1.2149330000000000E+000
6.5348750269606683E+001	1.2114229999999999E+000
6.5451084247754466E+001	1.2097112000000001E+000
6.5553551557718194E+001	1.2099350000000000E+000
6.5656070759569985E+001	1.2120948000000000E+000
6.5758463500908775E+001	1.2161264000000001E+000
6.5860727676846039E+001	1.2218557999999999E+000
6.5962868846965748E+001	1.2290057999999999E+000
6.6064894166257176E+001	1.2371776000000001E+000
6.6166812236781396E+001	1.2458160000000000E+000
6.6268632872156218E+001	1.2542700000000000E+000
6.6370367249890975E+001	1.2618602000000001E+000
6.6472028009241839E+001	1.2679946000000000E+000
6.6573629008693047E+001	1.2722860000000000E+000
6.6675185054173269E+001	1.2745888000000001E+000
6.6776711556670989E+001	1.2749598000000000E+000
6.6878224258157715E+001	1.2735170000000000E+000
6.6979738979199141E+001	1.2704394000000001E+000
6.7081271365715324E+001	1.2658765999999999E+000
6.7182836702429242E+001	1.2599958000000000E+000
6.7284449798254201E+001	1.2530532000000001E+000
6.7386124918485010E+001	1.2454400000000001E+000
6.7487875704799137E+001	1.2376410000000000E+000
6.7589715035506259E+001	1.2301812000000001E+000
6.7691654833874210E+001	1.2235469999999999E+000
6.7793705856999424E+001	1.2181420000000001E+000
6.7895877496626966E+001	1.2143036000000000E+000
6.7998177566285975E+001	1.2122838000000000E+000
6.8100612106873669E+001	1.2122442000000000E+000
6.8203121426983287E+001	1.2142018000000001E+000
6.8305510573823383E+001	1.2180834000000000E+000
6.8407769139792194E+001	1.2237134000000001E+000
6.8509902558831683E+001	1.2308212000000001E+000
6.8611917898057627E+001	1.2390152000000001E+000
6.8713823713028688E+001	1.2477556000000001E+000
6.8815629792082333E+001	1.2563896000000001E+000
6.8917347267674046E+001	1.2642249999999999E+000
6.9018988763996603E+001	1.2706366000000000E+000
6.9120568144187104E+001	1.2751939999999999E+000
6.9222100257027137E+001	1.2777140000000000E+000
6.9323600593091356E+001	1.2782486000000000E+000
6.9425085024021584E+001	1.2769174000000001E+000
6.9526569540984909E+001	1.2739077999999999E+000
6.9628069988485706E+001	1.2693783999999999E+000
6.9729601858974618E+001	1.2634962000000001E+000
6.9831180170662748E+001	1.2565044000000001E+000
6.9932819394477661E+001	1.2487771999999999E+000
7.0034533386629732E+001	1.2408052000000001E+000
7.0136335257131122E+001	1.2331122000000001E+000
7.0238237186815681E+001	1.2262086000000001E+000
7.0340250204469385E+001	1.2205168000000000E+000
7.0442383989709413E+001	1.2163911999999999E+000
7.0544646652784621E+001	1.2140842000000001E+000
7.0647044538034834E+001	1.2137822000000000E+000
7.0749546271229292E+001	1.2155170000000000E+000
7.0851946275282657E+001	1.2192095999999999E+000
7.0954214310219839E+001	1.2246946000000001E+000
7.1056355645537167E+001	1.2317081999999999E+000
7.1158377212280683E+001	1.2398655999999999E+000
7.1260287468142920E+001	1.2486455999999999E+000
7.1362096140937595E+001	1.2573981999999999E+000
7.1463814248785255E+001	1.2654250000000000E+000
7.1565454309702830E+001	1.2720765999999999E+000
7.1667030140518150E+001	1.2768835999999999E+000
7.1768556561809703E+001	1.2796282000000001E+000
7.1870049098208455E+001	1.2803412000000001E+000
7.1971523693942160E+001	1.2791470000000000E+000
7.2072996447860547E+001	1.2762376000000000E+000
7.2174483340633998E+001	1.2717830000000001E+000
7.2276000015424927E+001	1.2659537999999999E+000
7.2377561643976605E+001	1.2589788000000000E+000
7.2479182849161347E+001	1.2512140000000000E+000
7.2580877643600317E+001	1.2431440000000000E+000
7.2682659309150054E+001	1.2352922000000000E+000
7.2784540222431673E+001	1.2281842000000001E+000
7.2886531630722644E+001	1.2222573999999999E+000
7.2988643446033990E+001	1.2178796000000001E+000
7.3090884026392914E+001	1.2153102000000000E+000
7.3193259978114753E+001	1.2147550000000000E+000
7.3295753106417749E+001	1.2162628000000000E+000
7.3398159338105472E+001	1.2197536000000000E+000
7.3500432421940218E+001	1.2250711999999999E+000
7.3602577432360960E+001	1.2319608000000000E+000
7.3704601134117752E+001	1.2400472000000000E+000
7.3806511842966799E+001	1.2488296000000001E+000
7.3908319179954844E+001	1.2576650000000000E+000
7.4010034035644679E+001	1.2658544000000000E+000
7.4111668808281664E+001	1.2727284000000001E+000
7.4213237226696407E+001	1.2777807999999999E+000
7.4314754050982401E+001	1.2807636000000000E+000
7.4416234789719226E+001	1.2816829999999999E+000
7.4517695408852632E+001	1.2806633999999999E+000
7.4619152072039768E+001	1.2778948000000001E+000
7.4720620860789978E+001	1.2735566000000000E+000
7.4822117539288897E+001	1.2678208000000000E+000
7.4923657410125159E+001	1.2609060000000001E+000
7.5025255231932576E+001	1.2531500000000000E+000
7.5126925160535137E+001	1.2450292000000001E+000
7.5228680639782667E+001	1.2370680000000001E+000
7.5330534231761121E+001	1.2298038000000000E+000
7.5432497392690451E+001	1.2236878000000000E+000
7.5534580268395430E+001	1.2190970000000001E+000
7.5636791472923335E+001	1.2163032000000000E+000
7.5739137882777896E+001	1.2155260000000001E+000
7.5841617077248870E+001	1.2168302000000000E+000
7.5944042510284604E+001	1.2201405999999999E+000
7.6046334025649969E+001	1.2253153999999999E+000
7.6148496489555612E+001	1.2321048000000001E+000
7.6250536478846513E+001	1.2401405999999999E+000
7.6352462145082228E+001	1.2489370000000000E+000
7.6454282996428688E+001	1.2578600000000000E+000
7.6556009768116269E+001	1.2662122000000000E+000
7.6657654688359074E+001	1.2733074000000000E+000
7.6759231377453645E+001	1.2786093999999999E+000
7.6860754491623453E+001	1.2818385999999999E+000
7.6962239487801412E+001	1.2829699999999999E+000
7.7063702322607895E+001	1.2821270000000000E+000
7.7165159186526864E+001	1.2794960000000000E+000
7.7266626216843150E+001	1.2752688000000001E+000
7.7368119254300211E+001	1.2696190000000001E+000
7.7469653687251849E+001	1.2627588000000001E+000
7.7571244363573939E+001	1.2550078000000000E+000
7.7672905533103560E+001	1.2468273999999999E+000
7.7774650749383852E+001	1.2387414000000001E+000
7.7876492707253476E+001	1.2312974000000001E+000
7.7978443025981136E+001	1.2249585999999999E+000
7.8080512033697957E+001	1.2201109999999999E+000
7.8182708548199869E+001	1.2170460000000001E+000
7.8285039670742492E+001	1.2159910000000000E+000
7.8387507352191363E+001	1.2170314000000000E+000
7.8489938386835988E+001	1.2201010000000001E+000
7.8592234800165414E+001	1.2250660000000000E+000
7.8694401270687692E+001	1.2316844000000000E+000
7.8796444211063204E+001	1.2396026000000000E+000
7.8898371626455585E+001	1.2483519999999999E+000
7.9000192902002127E+001	1.2573141999999999E+000
7.9101918647099154E+001	1.2657932000000001E+000
7.9203560965265652E+001	1.2730912000000001E+000
7.9305133367483222E+001	1.2786428000000001E+000
7.9406650418175587E+001	1.2821355999999999E+000
7.9508127521175268E+001	1.2835129999999999E+000
7.9609580608157330E+001	1.2828949999999999E+000
7.9711025886392704E+001	1.2804580000000001E+000
7.9812479543918528E+001	1.2764006000000001E+000
7.9913957494965345E+001	1.2708950000000001E+000
8.0015475213767800E+001	1.2641458000000001E+000
8.0117047641001449E+001	1.2564552000000000E+000
8.0218689125430160E+001	1.2482712000000000E+000
8.0320413335702852E+001	1.2401160000000000E+000
8.0422233102709541E+001	1.2325412000000000E+000
8.0524160207859964E+001	1.2260240000000000E+000
8.0626205167029454E+001	1.2209566000000001E+000
8.0728377010205378E+001	1.2176480000000001E+000
8.0830683070994667E+001	1.2163302000000000E+000
8.0933128783881656E+001	1.2171076000000001E+000
8.1035577639927538E+001	1.2199302000000001E+000
8.1137891317720999E+001	1.2246756000000001E+000
8.1240074282695176E+001	1.2311106000000001E+000
8.1342132755425979E+001	1.2388965999999999E+000
8.1444074565713890E+001	1.2475792000000001E+000
8.1545908968392951E+001	1.2565568000000000E+000
8.1647646426697023E+001	1.2651372000000001E+000
8.1749298846362095E+001	1.2726170000000001E+000
8.1850879606141973E+001	1.2784047999999999E+000
8.1952403165677239E+001	1.2821553999999999E+000
8.2053884871842385E+001	1.2837768000000001E+000
8.2155340627462067E+001	1.2833828000000000E+000
8.2256786645240084E+001	1.2811424000000000E+000
8.2358239150992418E+001	1.2772608000000001E+000
8.2459714122475816E+001	1.2719123999999999E+000
8.2561227111764083E+001	1.2652934000000000E+000
8.2662793142901904E+001	1.2576921999999999E+000
8.2764426652248147E+001	1.2495380000000000E+000
8.2866141408291384E+001	1.2413482000000000E+000
8.2967950362154056E+001	1.2336734000000000E+000
8.3069865444016997E+001	1.2270048000000000E+000
8.3171897341243721E+001	1.2217427999999999E+000
8.3274055279154737E+001	1.2182143999999999E+000
8.3376346808679870E+001	1.2166547999999999E+000
8.3478777607032853E+001	1.2171888000000000E+000
8.3581236943492272E+001	1.2197840000000000E+000
8.3683561901749101E+001	1.2243236000000000E+000
8.3785755358241772E+001	1.2305834000000000E+000
8.3887823329685162E+001	1.2382408000000000E+000
8.3989773461080659E+001	1.2468570000000001E+000
8.4091614855357136E+001	1.2558469999999999E+000
8.4193357826767780E+001	1.2645236000000000E+000
8.4295014108433392E+001	1.2721792000000001E+000
8.4396596933371811E+001	1.2781992000000000E+000
8.4498120645202917E+001	1.2822043999999999E+000
8.4599600516905980E+001	1.2840701999999999E+000
8.4701052406058622E+001	1.2839020000000001E+000
8.4802492516048048E+001	1.2818601999999999E+000
8.4903937102372922E+001	1.2781524000000000E+000
8.5005402201831743E+001	1.2729530000000000E+000
8.5106903442454538E+001	1.2664522000000000E+000
8.5208455935559940E+001	1.2589258000000001E+000
8.5310074211509303E+001	1.2507872000000000E+000
8.5411772147646175E+001	1.2425527999999999E+000
8.5513562825458166E+001	1.2347694000000000E+000
8.5615458332283154E+001	1.2279430000000000E+000
8.5717469536880216E+001	1.2224839999999999E+000
8.5819605875661622E+001	1.2187330000000001E+000
8.5921875131908322E+001	1.2169296000000001E+000
8.6024283236410085E+001	1.2172174000000000E+000
8.6126755307054765E+001	1.2195834000000001E+000
8.6229100172715746E+001	1.2239172000000000E+000
8.6331312909786263E+001	1.2300047999999999E+000
8.6433399336624817E+001	1.2375372000000000E+000
8.6535366915672725E+001	1.2460869999999999E+000
8.6637224604166633E+001	1.2550842000000000E+000
8.6738982585267919E+001	1.2638484000000001E+000
8.6840652399689432E+001	1.2716692000000001E+000
8.6942247118821882E+001	1.2779128000000000E+000
8.7043780976987506E+001	1.2821674000000001E+000
8.7145269164175900E+001	1.2842760000000000E+000
8.7246727492845295E+001	1.2843279999999999E+000
8.7348172153023484E+001	1.2824788000000000E+000
8.7449619416604321E+001	1.2789390000000000E+000
8.7551085363831504E+001	1.2738868000000001E+000
8.7652585681972781E+001	1.2675080000000001E+000
8.7754135548199656E+001	1.2600652000000001E+000
8.7855749562890139E+001	1.2519540000000000E+000
8.7957441682870325E+001	1.2436862000000000E+000
8.8059225087810219E+001	1.2358028000000001E+000
8.8161111990296106E+001	1.2288220000000001E+000
8.8263113408281541E+001	1.2231650000000001E+000
8.8365238948853090E+001	1.2191862000000000E+000
8.8467496590007102E+001	1.2171284000000000E+000
8.8569892482734801E+001	1.2171570000000000E+000
8.8672368064219711E+001	1.2192765999999999E+000
8.8774722649959600E+001	1.2233802000000000E+000
8.8876944447372168E+001	1.2292642000000000E+000
8.8979039082157783E+001	1.2366360000000001E+000
8.9081013842434174E+001	1.2450825999999999E+000
8.9182877529764966E+001	1.2540536000000000E+000
8.9284640190306135E+001	1.2628774000000000E+000
8.9386313210300585E+001	1.2708400000000000E+000
8.9487909514888372E+001	1.2772927999999999E+000
8.9589443220545661E+001	1.2817900000000000E+000
8.9690929428607348E+001	1.2841460000000000E+000
8.9792383895592337E+001	1.2844317999999999E+000
8.9893822786468704E+001	1.2827952000000000E+000
8.9995262386102368E+001	1.2794464000000001E+000
9.0096718818973244E+001	1.2745636000000000E+000
9.0198207835007281E+001	1.2683302000000001E+000
9.0299744685488875E+001	1.2609938000000001E+000
9.0401344051924966E+001	1.2529348000000000E+000
9.0503019983701620E+001	1.2446594000000000E+000
9.0604785772828834E+001	1.2367049999999999E+000
9.0706653769157754E+001	1.2296000000000000E+000
9.0808635151133458E+001	1.2237762000000001E+000
9.0910739715949333E+001	1.2195974000000001E+000
9.1012975655224722E+001	1.2173110000000000E+000
9.1115349355166970E+001	1.2171014000000000E+000
9.1217828213418358E+001	1.2189909999999999E+000
9.1320203696308440E+001	1.2228787999999999E+000
9.1422445887074133E+001	1.2285784000000000E+000
9.1524560202812921E+001	1.2358085999999999E+000
9.1626553738124429E+001	1.2441666000000000E+000
9.1728435126880527E+001	1.2531201999999999E+000
9.1830214282123421E+001	1.2620058000000001E+000
9.1931902403398112E+001	1.2701108000000001E+000
9.2033512227466872E+001	1.2767720000000000E+000
9.2135057751404531E+001	1.2815122000000001E+000
9.2236553970130601E+001	1.2841176000000001E+000
9.2338016578628597E+001	1.2846329999999999E+000
9.2439461711890885E+001	1.2832024000000000E+000
9.2540905656243623E+001	1.2800339999999999E+000
9.2642364566481092E+001	1.2753112000000000E+000
9.2743854242604556E+001	1.2692166000000000E+000
9.2845389995276051E+001	1.2619856000000000E+000
9.2946986570685766E+001	1.2539802000000000E+000
9.3048658090765713E+001	1.2456954000000000E+000
9.3150417937550515E+001	1.2376658000000000E+000
9.3252278576285420E+001	1.2304272000000001E+000
9.3354251328051305E+001	1.2244230000000000E+000
9.3456346154898839E+001	1.2200257999999999E+000
9.3558571438641110E+001	1.2174933999999999E+000
9.3660933780159979E+001	1.2170276000000000E+000
9.3763411474369846E+001	1.2186688000000001E+000
9.3865797305375793E+001	1.2223223999999999E+000
9.3968049242721008E+001	1.2278150000000001E+000
9.4070172500716311E+001	1.2348778000000000E+000
9.4172173991275940E+001	1.2431209999999999E+000
9.4274062182554886E+001	1.2520332000000001E+000
9.4375846848011832E+001	1.2609602000000000E+000
9.4477539031185984E+001	1.2691926000000000E+000
9.4579151312821196E+001	1.2760532000000000E+000
9.4680697566324469E+001	1.2810352000000000E+000
9.4782192686363203E+001	1.2838962000000000E+000
9.4883652307006756E+001	1.2846548000000000E+000
9.4985092526473565E+001	1.2834496000000000E+000
9.5086529633239067E+001	1.2804816000000001E+000
9.5187979817907447E+001	1.2759385999999999E+000
9.5289458937734167E+001	1.2699997999999999E+000
9.5390982373546635E+001	1.2628908000000001E+000
9.5492564950145010E+001	1.2549555999999999E+000
9.5594220877829486E+001	1.2466790000000001E+000
9.5695963646038990E+001	1.2385934000000001E+000
9.5797805850650974E+001	1.2312434000000001E+000
9.5899758968059132E+001	1.2250824000000000E+000
9.6001833144890426E+001	1.2204892000000001E+000
9.6104036973046703E+001	1.2177340000000001E+000
9.6206377284293879E+001	1.2170316000000001E+000
9.6308848149910901E+001	1.2184391999999999E+000
9.6411255192808042E+001	1.2218716000000001E+000
9.6513527888227017E+001	1.2271732000000000E+000
9.6615671238123397E+001	1.2340835999999999E+000
9.6717691958193086E+001	1.2422238000000001E+000
9.6819598340016867E+001	1.2510998000000000E+000
9.6921400025175203E+001	1.2600671999999999E+000
9.7023107884201664E+001	1.2684230000000001E+000
9.7124734295467434E+001	1.2754772000000001E+000
9.7226293007683665E+001	1.2806960000000001E+000
9.7327798799438682E+001	1.2838080000000001E+000
9.7429267235841124E+001	1.2848004000000000E+000
9.7530714376056494E+001	1.2838073999999999E+000
9.7632156502288126E+001	1.2810234000000000E+000
9.7733609828184200E+001	1.2766446000000000E+000
9.7835090256277439E+001	1.2708488000000000E+000
9.7936613224241825E+001	1.2638541999999999E+000
9.8038193619383790E+001	1.2559864000000001E+000
9.8139845720988959E+001	1.2477142000000001E+000
9.8241583102907555E+001	1.2395676000000000E+000
9.8343418468032866E+001	1.2320971999999999E+000
9.8445363428661793E+001	1.2257659999999999E+000
9.8547428289053528E+001	1.2209601999999999E+000
9.8649621823400764E+001	1.2179667999999999E+000
9.8751951069529269E+001	1.2170086000000000E+000
9.8854415627477067E+001	1.2181626000000001E+000
9.8956833021675635E+001	1.2213548000000001E+000
9.9059115540942244E+001	1.2264406000000001E+000
9.9161267980539094E+001	1.2331692000000001E+000
9.9263296870317717E+001	1.2411776000000001E+000
9.9365210331362036E+001	1.2499887999999999E+000
9.9467017861309884E+001	1.2589752000000001E+000
9.9568730179262957E+001	1.2674360000000000E+000
9.9670359503179625E+001	1.2746725999999999E+000
9.9771919449779531E+001	1.2801250000000000E+000
9.9873424687513818E+001	1.2834905999999999E+000
9.9974890713661608E+001	1.2847278000000000E+000
1.0007633354080743E+002	1.2839646000000000E+000
1.0017776944260348E+002	1.2813855999999999E+000
1.0027921465995564E+002	1.2771914000000000E+000
1.0038068514694783E+002	1.2715574000000001E+000
1.0048219640736114E+002	1.2646938000000001E+000
1.0058376340402461E+002	1.2569102000000001E+000
1.0068540050001641E+002	1.2486619999999999E+000
1.0078712137000679E+002	1.2404763999999999E+000
1.0088893883924608E+002	1.2329078000000000E+000
1.0099086466801953E+002	1.2264307999999999E+000
1.0109290933574030E+002	1.2214370000000001E+000
1.0119508181934734E+002	1.2182294000000000E+000
1.0129738938064827E+002	1.2170364000000000E+000
1.0139983710800149E+002	1.2179534000000001E+000
1.0150227590889946E+002	1.2209200000000000E+000
1.0160457945056380E+002	1.2258064000000000E+000
1.0170675231115302E+002	1.2323704000000000E+000
1.0180880082012463E+002	1.2402624000000000E+000
1.0191073291372223E+002	1.2490186000000001E+000
1.0201255794901746E+002	1.2580270000000000E+000
1.0211428648637842E+002	1.2665906000000000E+000
1.0221593053708929E+002	1.2740056000000000E+000
1.0231750357759420E+002	1.2796875999999999E+000
1.0241902015454929E+002	1.2833041999999999E+000
1.0252049568564239E+002	1.2847793999999999E+000
1.0262194613546612E+002	1.2842347999999999E+000
1.0272338776303647E+002	1.2818470000000000E+000
1.0282483682428401E+002	1.2778232000000000E+000
1.0292630931287110E+002	1.2723396000000000E+000
1.0302782078623527E+002	1.2655985999999999E+000
1.0312938626717684E+002	1.2578959999999999E+000
1.0323102018451702E+002	1.2496689999999999E+000
1.0333273629154574E+002	1.2414410000000000E+000
1.0343454751305124E+002	1.2337651999999999E+000
1.0353646573819567E+002	1.2271293999999999E+000
1.0363850159816182E+002	1.2219320000000000E+000
1.0374066424537111E+002	1.2184936000000000E+000
1.0384296114152559E+002	1.2170472000000001E+000
1.0394539785712885E+002	1.2177076000000000E+000
1.0404784711080870E+002	1.2204322000000001E+000
1.0415016081694992E+002	1.2250966000000001E+000
1.0425234315312208E+002	1.2314689999999999E+000
1.0435440025776180E+002	1.2392166000000000E+000
1.0445633989194498E+002	1.2478918000000001E+000
1.0455817126170035E+002	1.2568998000000000E+000
1.0465990478094517E+002	1.2655490000000000E+000
1.0476155229979565E+002	1.2731310000000000E+000
1.0486312715365253E+002	1.2790391999999999E+000
1.0496464377287550E+002	1.2829092000000000E+000
1.0506611749830563E+002	1.2846332000000000E+000
1.0516756424094278E+002	1.2843245999999999E+000
1.0526900024157987E+002	1.2821498000000000E+000
1.0537044177510627E+002	1.2783177999999999E+000
1.0547190488166167E+002	1.2730041999999999E+000
1.0557340518146950E+002	1.2664034000000000E+000
1.0567495777072840E+002	1.2587982000000000E+000
1.0577657715908968E+002	1.2506109999999999E+000
1.0587827719548385E+002	1.2423620000000000E+000
1.0598007092121159E+002	1.2346014000000001E+000
1.0608197036796740E+002	1.2278304000000000E+000
1.0618398633453364E+002	1.2224552000000000E+000
1.0628612817024100E+002	1.2188098000000001E+000
1.0638840355593898E+002	1.2171312000000001E+000
1.0649081830384252E+002	1.2175528000000000E+000
1.0659328410043625E+002	1.2200504000000001E+000
1.0669561901093668E+002	1.2245086000000001E+000
1.0679782199413482E+002	1.2307060000000001E+000
1.0689989898450538E+002	1.2383246000000001E+000
1.0700185755360019E+002	1.2469292000000001E+000
1.0710370675453024E+002	1.2559408000000001E+000
1.0720545685679402E+002	1.2646736000000001E+000
1.0730711950927058E+002	1.2724176000000000E+000
1.0740870788426270E+002	1.2785466000000001E+000
1.0751023629082765E+002	1.2826649999999999E+000
1.0761171997853930E+002	1.2846321999999999E+000
1.0771317480325747E+002	1.2845472000000000E+000
1.0781461698370654E+002	1.2825709999999999E+000
1.0791606280256340E+002	1.2789147999999999E+000
1.0801752833481464E+002	1.2737571999999999E+000
1.0811902925196233E+002	1.2672870000000001E+000
1.0822058070895852E+002	1.2597742000000001E+000
1.0832219727949426E+002	1.2516228000000000E+000
1.0842389288696096E+002	1.2433482000000000E+000
1.0852568066670467E+002	1.2354950000000000E+000
1.0862757277270192E+002	1.2285762000000000E+000
1.0872958015027970E+002	1.2230078000000000E+000
1.0883171231829417E+002	1.2191384000000001E+000
1.0893397715214229E+002	1.2172086000000000E+000
1.0903638068590139E+002	1.2173723999999999E+000
1.0913885200891107E+002	1.2196248000000001E+000
1.0924119719026706E+002	1.2238545999999999E+000
1.0934340980933537E+002	1.2298510000000000E+000
1.0944549560448615E+002	1.2373126000000001E+000
1.0954746196862722E+002	1.2458191999999999E+000
1.0964931779617918E+002	1.2548102000000001E+000
1.0975107321460381E+002	1.2636088000000001E+000
1.0985273971185696E+002	1.2715010000000000E+000
1.0995433031013445E+002	1.2778452000000000E+000
1.1005585919812486E+002	1.2822118000000000E+000
1.1015734153706299E+002	1.2844310000000001E+000
1.1025879312434807E+002	1.2845854000000001E+000
1.1036023015090952E+002	1.2828276000000001E+000
1.1046166890947158E+002	1.2793680000000001E+000
1.1056312551593700E+002	1.2743852000000000E+000
1.1066461570101897E+002	1.2680640000000001E+000
1.1076615469061704E+002	1.2606596000000001E+000
1.1086775713677282E+002	1.2525615999999999E+000
1.1096943705364640E+002	1.2442801999999999E+000
1.1107120768760419E+002	1.2363557999999999E+000
1.1117308132901542E+002	1.2293120000000000E+000
1.1127506908334772E+002	1.2235754000000001E+000
1.1137718066008597E+002	1.2195047999999999E+000
1.1147942414883467E+002	1.2173448000000000E+000
1.1158180581981676E+002	1.2172693999999999E+000
1.1168428344297509E+002	1.2192916000000000E+000
1.1178664985052683E+002	1.2233064000000000E+000
1.1188888319199189E+002	1.2291188000000000E+000
1.1199098899778615E+002	1.2364398000000001E+000
1.1209297446762424E+002	1.2448598000000000E+000
1.1219484833054875E+002	1.2538355999999999E+000
1.1229662057925259E+002	1.2626987999999999E+000
1.1239830251043176E+002	1.2707352000000001E+000
1.1249990696106737E+002	1.2772889999999999E+000
1.1260144800012196E+002	1.2818988000000000E+000
1.1270294068462215E+002	1.2843662000000000E+000
1.1280440075048439E+002	1.2847496000000000E+000
1.1290584435858128E+002	1.2831968000000000E+000
1.1300728780235877E+002	1.2799182000000000E+000
1.1310874722699519E+002	1.2750960000000000E+000
1.1321023841147668E+002	1.2689138000000000E+000
1.1331177663894194E+002	1.2616134000000001E+000
1.1341337662402090E+002	1.2535666000000001E+000
1.1351505245180839E+002	1.2452740000000000E+000
1.1361681745763659E+002	1.2372722000000000E+000
1.1371868404685057E+002	1.2300932000000000E+000
1.1382066346630913E+002	1.2241747999999999E+000
1.1392276558920275E+002	1.2198860000000000E+000
1.1402499869416921E+002	1.2174792000000001E+000
1.1412736926561021E+002	1.2171472000000001E+000
1.1422984728318870E+002	1.2189208000000000E+000
1.1433222412221771E+002	1.2227011999999999E+000
1.1443446731040844E+002	1.2283056000000001E+000
1.1453658217666711E+002	1.2354592000000000E+000
1.1463857573851489E+002	1.2437654000000000E+000
1.1474045655971246E+002	1.2527018000000001E+000
1.1484223449201077E+002	1.2616094000000000E+000
1.1494392067368986E+002	1.2697760000000000E+000
1.1504552778513001E+002	1.2765314000000001E+000
1.1514706977073918E+002	1.2813836000000001E+000
1.1524856158754496E+002	1.2841056000000000E+000
1.1535001890899611E+002	1.2847316000000000E+000
1.1545145785879754E+002	1.2834030000000001E+000
1.1555289473194036E+002	1.2803249999999999E+000
1.1565434570835805E+002	1.2756822000000001E+000
1.1575582662272350E+002	1.2696558000000000E+000
1.1585735282660092E+002	1.2624759999999999E+000
1.1595893911129795E+002	1.2544974000000000E+000
1.1606059964884363E+002	1.2462112000000001E+000
1.1616234788079004E+002	1.2381518000000000E+000
1.1626419634233544E+002	1.2308597999999999E+000
1.1636615643454843E+002	1.2247836000000001E+000
1.1646823821457558E+002	1.2202986000000000E+000
1.1657045017030843E+002	1.2176671999999999E+000
1.1667279901665090E+002	1.2170977999999999E+000
1.1677527318176925E+002	1.2186378000000000E+000
1.1687767132789618E+002	1.2221966000000000E+000
1.1697993537085932E+002	1.2276102000000000E+000
1.1708207042762351E+002	1.2346124000000001E+000
1.1718408331937175E+002	1.2428174000000001E+000
1.1728598243436896E+002	1.2517212000000000E+000
1.1738777749177720E+002	1.2606729999999999E+000
1.1748947945187639E+002	1.2689665999999999E+000
1.1759110079419207E+002	1.2759186000000000E+000
1.1769265533966117E+002	1.2810087999999999E+000
1.1779415793041611E+002	1.2839820000000000E+000
1.1789562417170205E+002	1.2848416000000000E+000
1.1799707014879864E+002	1.2837254000000000E+000
1.1809851215069772E+002	1.2808322000000001E+000
1.1819996638043041E+002	1.2763548000000000E+000
1.1830144871737508E+002	1.2704726000000000E+000
1.1840297456876172E+002	1.2634076000000001E+000
1.1850455878723557E+002	1.2554954000000000E+000
1.1860621561304686E+002	1.2472124000000000E+000
1.1870795857201315E+002	1.2390904000000000E+000
1.1880980030686406E+002	1.2316769999999999E+000
1.1891175235485360E+002	1.2254297999999999E+000
1.1901382493121875E+002	1.2207318000000000E+000
1.1911602670703944E+002	1.2178608000000000E+000
1.1921836460447061E+002	1.2170360000000000E+000
1.1932083401989567E+002	1.2183240000000000E+000
1.1942324272596689E+002	1.2216438000000001E+000
1.1952551679349665E+002	1.2268433999999999E+000
1.1962766113307478E+002	1.2336672000000000E+000
1.1972968238002177E+002	1.2417444000000000E+000
1.1983158875217551E+002	1.2505892000000001E+000
1.1993338982490002E+002	1.2595650000000000E+000
1.2003509640461793E+002	1.2679696000000000E+000
1.2013672081039947E+002	1.2751083999999999E+000
1.2023827673221507E+002	1.2804348000000001E+000
1.2033977890293156E+002	1.2836630000000000E+000
1.2044124286034217E+002	1.2847682000000000E+000
1.2054268464404795E+002	1.2838820000000000E+000
1.2064412053576487E+002	1.2811935999999999E+000
1.2074556676655718E+002	1.2769007999999999E+000
1.2084703926744059E+002	1.2711800000000000E+000
1.2094855351145992E+002	1.2642456000000000E+000
1.2105012442631534E+002	1.2564152000000000E+000
1.2115176633598504E+002	1.2481534000000001E+000
1.2125349286766476E+002	1.2399887999999999E+000
1.2135531678741839E+002	1.2324746000000000E+000
1.2145724978134669E+002	1.2260793999999999E+000
1.2155930224139559E+002	1.2211912000000000E+000
1.2166148304252803E+002	1.2181040000000001E+000
1.2176379933200590E+002	1.2170434000000001E+000
1.2186625474157653E+002	1.2180944000000000E+000
1.2196868482341662E+002	1.2211888000000000E+000
1.2207097986684123E+002	1.2261903999999999E+000
1.2217314456647155E+002	1.2328517999999999E+000
1.2227518535815220E+002	1.2408150000000000E+000
1.2237711027658918E+002	1.2496081999999999E+000
1.2247892875892305E+002	1.2586105999999999E+000
1.2258065144886018E+002	1.2671228000000001E+000
1.2268229045817328E+002	1.2744439999999999E+000
1.2278385934116356E+002	1.2800022000000000E+000
1.2288537270956530E+002	1.2834820000000000E+000
1.2298684602440299E+002	1.2848250000000001E+000
1.2308829527900669E+002	1.2841568000000001E+000
1.2318973674198764E+002	1.2816590000000001E+000
1.2329118666093019E+002	1.2775364000000000E+000
1.2339266100731257E+002	1.2719655999999999E+000
1.2349417530811385E+002	1.2651532000000001E+000
1.2359574455109636E+002	1.2574019999999999E+000
1.2369738312629369E+002	1.2491588000000000E+000
1.2379910474053381E+002	1.2409482000000001E+000
1.2390092226080361E+002	1.2333248000000001E+000
1.2400284750347717E+002	1.2267690000000000E+000
1.2410489101341173E+002	1.2216756000000000E+000
1.2420706184258381E+002	1.2183564000000000E+000
1.2430936733953644E+002	1.2170424000000000E+000
1.2441181284933859E+002	1.2178380000000000E+000
1.2451425357793553E+002	1.2206908000000001E+000
1.2461655878414561E+002	1.2254718000000000E+000
1.2471873295174072E+002	1.2319442000000000E+000
1.2482078232646980E+002	1.2397663999999999E+000
1.2492271476839771E+002	1.2484826000000000E+000
1.2502453956520912E+002	1.2574894000000001E+000
1.2512626721214382E+002	1.2660921999999999E+000
1.2522790965913097E+002	1.2735846000000000E+000
1.2532948032144338E+002	1.2793710000000000E+000
1.2543099369507102E+002	1.2831045999999999E+000
1.2553246516602108E+002	1.2846952000000000E+000
1.2563391067498002E+002	1.2842616000000000E+000
1.2573534647420770E+002	1.2819748000000000E+000
1.2583678883184238E+002	1.2780422000000000E+000
1.2593825376652356E+002	1.2726392000000000E+000
1.2603975686825660E+002	1.2659646000000000E+000
1.2614131319817352E+002	1.2583074000000001E+000
1.2624293722731686E+002	1.2500996000000000E+000
1.2634464275897595E+002	1.2418632000000001E+000
1.2644644277767298E+002	1.2341506000000000E+000
1.2654834924339778E+002	1.2274563999999999E+000
1.2665037287024332E+002	1.2221818000000000E+000
1.2675252290834472E+002	1.2186532000000001E+000
1.2685480692643249E+002	1.2171053999999999E+000
1.2695723061066229E+002	1.2176616000000000E+000
1.2705969045029661E+002	1.2202868000000000E+000
1.2716201673713540E+002	1.2248623999999999E+000
1.2726421141871737E+002	1.2311616000000001E+000
1.2736628053789980E+002	1.2388572000000000E+000
1.2746823176634528E+002	1.2475064000000000E+000
1.2757007424231902E+002	1.2565214000000000E+000
1.2767181831300726E+002	1.2652124000000000E+000
1.2777347572491321E+002	1.2728712000000000E+000
1.2787505973643208E+002	1.2788809999999999E+000
1.2797658472191743E+002	1.2828644000000000E+000
1.2807806597960979E+002	1.2846972000000001E+000
1.2817951939679534E+002	1.2844864000000000E+000
1.2828096120544524E+002	1.2823970000000000E+000
1.2838240768322120E+002	1.2786398000000001E+000
1.2848387488472025E+002	1.2733924000000001E+000
1.2858537845172808E+002	1.2668466000000000E+000
1.2868693350428151E+002	1.2592795999999999E+000
1.2878855457771888E+002	1.2511048000000000E+000
1.2889025555067690E+002	1.2428394000000000E+000
1.2899204950295589E+002	1.2350310000000000E+000
1.2909394851840850E+002	1.2281868000000000E+000
1.2919596345889343E+002	1.2227167999999999E+000
1.2929810374548092E+002	1.2189631999999999E+000
1.2940037714272864E+002	1.2171639999999999E+000
1.2950278956051193E+002	1.2174628000000001E+000
1.2960525638053059E+002	1.2198442000000000E+000
1.2970759297866164E+002	1.2241938000000001E+000
1.2980979732452880E+002	1.2302941999999999E+000
1.2991187526599995E+002	1.2378362000000001E+000
1.3001383429670523E+002	1.2463922000000001E+000
1.3011568339784637E+002	1.2553920000000001E+000
1.3021743277337148E+002	1.2641540000000000E+000
1.3031909400847852E+002	1.2719658000000000E+000
1.3042068021355917E+002	1.2781937999999999E+000
1.3052220564324716E+002	1.2824268000000001E+000
1.3062368551032387E+002	1.2845104000000001E+000
1.3072513564442167E+002	1.2845380000000000E+000
1.3082657225207493E+002	1.2826654000000000E+000
1.3092801162314927E+002	1.2791032000000000E+000
1.3102946985448585E+002	1.2740292000000000E+000
1.3113096264781902E+002	1.2676296000000000E+000
1.3123250519462144E+002	1.2601680000000000E+000
1.3133411210900195E+002	1.2520420000000001E+000
1.3143579736144065E+002	1.2437659999999999E+000
1.3153757414404134E+002	1.2358826000000001E+000
1.3163945467868592E+002	1.2289098000000001E+000
1.3174144998914858E+002	1.2232685999999999E+000
1.3184356968873706E+002	1.2193120000000000E+000
1.3194582175746149E+002	1.2172816000000000E+000
1.3204821234286396E+002	1.2173407999999999E+000
1.3215068822249273E+002	1.2194924000000000E+000
1.3225304600507124E+002	1.2236292000000000E+000
1.3235527101884037E+002	1.2295476000000001E+000
1.3245736890494246E+002	1.2369516000000000E+000
1.3255934696485241E+002	1.2454250000000000E+000
1.3266121401760520E+002	1.2544143999999999E+000
1.3276298013043703E+002	1.2632464000000001E+000
1.3286465669439536E+002	1.2712072000000001E+000
1.3296625664021394E+002	1.2776482000000000E+000
1.3306779410266944E+002	1.2821260000000001E+000
1.3316928419378763E+002	1.2844568000000001E+000
1.3327074268338646E+002	1.2847120000000001E+000
1.3337218575007878E+002	1.2830429999999999E+000
1.3347362968619328E+002	1.2796608000000000E+000
1.3357509061932402E+002	1.2747463999999999E+000
1.3367658430022647E+002	1.2684844000000000E+000
1.3377812597791163E+002	1.2611238000000000E+000
1.3387973032930759E+002	1.2530454000000000E+000
1.3398141139656082E+002	1.2447547999999999E+000
1.3408318246190612E+002	1.2367902000000000E+000
1.3418505586405325E+002	1.2296792000000001E+000
1.3428704276933030E+002	1.2238534000000001E+000
1.3438915295614242E+002	1.2196776000000000E+000
1.3449139459485625E+002	1.2173989999999999E+000
1.3459377404902179E+002	1.2172014000000000E+000
1.3469625174035039E+002	1.2191057999999999E+000
1.3479861994916794E+002	1.2230095999999999E+000
1.3490085479089961E+002	1.2287220000000001E+000
1.3500296170655344E+002	1.2359616000000000E+000
1.3510494781630629E+002	1.2443253999999999E+000
1.3520682177547855E+002	1.2532804000000000E+000
1.3530859351038717E+002	1.2621625999999999E+000
1.3541027425278233E+002	1.2702583999999999E+000
1.3551187677828105E+002	1.2769048000000001E+000
1.3561341509838553E+002	1.2816262000000000E+000
1.3571490422796728E+002	1.2842112000000001E+000
1.3581635987540321E+002	1.2847082000000001E+000
1.3591779818459165E+002	1.2832615999999999E+000
1.3601923545162873E+002	1.2800790000000000E+000
1.3612068784052761E+002	1.2753426000000001E+000
1.3622217115864382E+002	1.2692348000000000E+000
1.3632370072403796E+002	1.2619914000000001E+000
1.3642529129067682E+002	1.2539769999999999E+000
1.3652695698854180E+002	1.2456891999999999E+000
1.3662871120731134E+002	1.2376634000000000E+000
1.3673056641729485E+002	1.2304360000000001E+000
1.3683253394049618E+002	1.2244497999999999E+000
1.3693462374107085E+002	1.2200762000000001E+000
1.3703684419995571E+002	1.2175714000000000E+000
1.3713920191267573E+002	1.2171360000000000E+000
1.3724167851072042E+002	1.2188076000000001E+000
1.3734406799839488E+002	1.2224914000000000E+000
1.3744632365346672E+002	1.2280146000000001E+000
1.3754845070613689E+002	1.2351057999999999E+000
1.3765045608111743E+002	1.2433719999999999E+000
1.3775234826072972E+002	1.2522994000000001E+000
1.3785413703895989E+002	1.2612312000000001E+000
1.3795583346566298E+002	1.2694586000000001E+000
1.3805745011901709E+002	1.2763051999999999E+000
1.3815900088882452E+002	1.2812661999999999E+000
1.3826050067755045E+002	1.2841016000000001E+000
1.3836196512724567E+002	1.2848312000000000E+000
1.3846341034555755E+002	1.2835950000000000E+000
1.3856485262437158E+002	1.2805960000000001E+000
1.3866630815242453E+002	1.2760237999999999E+000
1.3876779278273602E+002	1.2700590000000000E+000
1.3886932188937445E+002	1.2629280000000001E+000
1.3897091028789598E+002	1.2549762000000000E+000
1.3907257217708559E+002	1.2466876000000000E+000
1.3917432103205269E+002	1.2385952000000000E+000
1.3927616943250439E+002	1.2312428000000000E+000
1.3937812883800123E+002	1.2250828000000000E+000
1.3948020937217308E+002	1.2204948000000000E+000
1.3958241960068079E+002	1.2177481999999999E+000
1.3968476632799147E+002	1.2170572000000000E+000
1.3978723957773124E+002	1.2184778000000001E+000
1.3988963959528368E+002	1.2219236000000000E+000
1.3999190523163702E+002	1.2272343999999999E+000
1.4009404151190350E+002	1.2341502000000000E+000
1.4019605517598174E+002	1.2422922000000001E+000
1.4029795453703883E+002	1.2511660000000000E+000
1.4039974924640518E+002	1.2601270000000000E+000
1.4050145019865820E+002	1.2684708000000000E+000
1.4060306981233731E+002	1.2755082000000000E+000
1.4070462184819394E+002	1.2807070000000000E+000
1.4080612110168948E+002	1.2837978000000001E+000
1.4090758314894458E+002	1.2847720000000000E+000
1.4100902405408664E+002	1.2837643999999999E+000
1.4111046010412468E+002	1.2809690000000000E+000
1.4121190751766795E+002	1.2765801999999999E+000
1.4131338220048738E+002	1.2707750000000000E+000
1.4141489959313603E+002	1.2637722000000000E+000
1.4151647458663555E+002	1.2558990000000001E+000
1.4161812146427695E+002	1.2476274000000001E+000
1.4171985380384456E+002	1.2394879999999999E+000
1.4182168431006073E+002	1.2320317999999999E+000
1.4192362459271959E+002	1.2257212000000000E+000
1.4202568495413368E+002	1.2209411999999999E+000
1.4212787416531725E+002	1.2179762000000001E+000
1.4223019925724566E+002	1.2170486000000000E+000
1.4233266126166012E+002	1.2182332000000000E+000
1.4243508263814843E+002	1.2214541999999999E+000
1.4253736921968800E+002	1.2265691999999999E+000
1.4263952581655428E+002	1.2333254000000000E+000
1.4274155897004695E+002	1.2413570000000000E+000
1.4284347681208092E+002	1.2501840000000000E+000
1.4294528885783322E+002	1.2591764000000001E+000
1.4304700583506707E+002	1.2676331999999999E+000
1.4314863995576451E+002	1.2748569999999999E+000
1.4325020484915760E+002	1.2802895999999999E+000
1.4335171519072057E+002	1.2836318000000000E+000
1.4345318648237478E+002	1.2848428000000001E+000
1.4355463474402535E+002	1.2840518000000001E+000
1.4365607625149553E+002	1.2814452000000001E+000
1.4375752724171545E+002	1.2772251999999999E+000
1.4385900366207616E+002	1.2715681999999999E+000
1.4396052100753752E+002	1.2646860000000000E+000
1.4406209422949348E+002	1.2568884000000000E+000
1.4416373767780817E+002	1.2486314000000001E+000
1.4426546501111554E+002	1.2404413999999999E+000
1.4436728903671687E+002	1.2328726000000001E+000
1.4446922149631959E+002	1.2263986000000000E+000
1.4457127284649906E+002	1.2214110000000000E+000
1.4467345203694478E+002	1.2182122000000000E+000
1.4477576630143380E+002	1.2170306000000000E+000
1.4487821981136364E+002	1.2179606000000001E+000
1.4498065181335934E+002	1.2209406000000000E+000
1.4508294852246630E+002	1.2258367999999999E+000
1.4518511453931248E+002	1.2324066000000000E+000
1.4528715621632617E+002	1.2403008000000000E+000
1.4538908151184179E+002	1.2490550000000000E+000
1.4549089979332962E+002	1.2580574000000000E+000
1.4559262163864676E+002	1.2666101999999999E+000
1.4569425909800353E+002	1.2740096000000001E+000
1.4579582566398980E+002	1.2796727999999999E+000
1.4589733589778163E+002	1.2832694000000000E+000
1.4599880522867431E+002	1.2847274000000000E+000
1.4610024962561775E+002	1.2841697999999999E+000
1.4620168535053992E+002	1.2817723999999999E+000
1.4630312866303495E+002	1.2777410000000000E+000
1.4640459555888339E+002	1.2722503999999999E+000
1.4650610159684797E+002	1.2655036000000000E+000
1.4660766180214401E+002	1.2577971999999999E+000
1.4670929060632909E+002	1.2495718000000000E+000
1.4681100176580637E+002	1.2413514000000001E+000
1.4691280820689957E+002	1.2336904000000000E+000
1.4701472181634634E+002	1.2270753999999999E+000
1.4711675322196496E+002	1.2219038000000000E+000
1.4721891157315798E+002	1.2184940000000000E+000
1.4732120432515308E+002	1.2170782000000000E+000
1.4742363703648982E+002	1.2177693999999999E+000
1.4752608987358812E+002	1.2205226000000000E+000
1.4762840764531691E+002	1.2252152000000001E+000
1.4773059414498070E+002	1.2316149999999999E+000
1.4783265552308092E+002	1.2393858000000000E+000
1.4793459955070594E+002	1.2480773999999999E+000
1.4803643544949276E+002	1.2570927999999999E+000
1.4813817364528788E+002	1.2657389999999999E+000
1.4823982598302462E+002	1.2733094000000000E+000
1.4834140580484191E+002	1.2791984000000001E+000
1.4844292754994359E+002	1.2830454000000000E+000
1.4854440656298769E+002	1.2847442000000000E+000
1.4864585876136374E+002	1.2844082000000001E+000
1.4874730038865951E+002	1.2822066000000001E+000
1.4884874771590032E+002	1.2783488000000001E+000
1.4895021677605305E+002	1.2730124000000000E+000
1.4905172318026274E+002	1.2663926000000001E+000
1.4915328201293008E+002	1.2587732000000000E+000
1.4925490777031860E+002	1.2505767999999999E+000
1.4935661428525211E+002	1.2423232000000000E+000
1.4945841458076475E+002	1.2345622000000001E+000
1.4956032066920926E+002	1.2277941999999999E+000
1.4966234332755630E+002	1.2224246000000001E+000
1.4976449187771541E+002	1.2187876000000000E+000
1.4986677397216368E+002	1.2171200000000000E+000
1.4996919539516912E+002	1.2175540000000000E+000
1.5000000000000000E+002	1.2200640000000000E+000

 
