time	l
0.0000000000000000E+000	5.6299979999999996E-004
1.3218968841603626E-001	1.5960499999999999E-003
2.6003554373975524E-001	6.9781920000000002E-003
3.8523674983423745E-001	5.6514900000000003E-003
5.0984450348708887E-001	3.6666060000000002E-003
6.3489597105344620E-001	3.1056920000000002E-003
7.6010467853190689E-001	3.2929240000000000E-003
8.8502677198738622E-001	3.3669419999999999E-003
1.0099880598487658E+000	3.0848519999999999E-003
1.1352759572444164E+000	2.6559600000000002E-003
1.2610582977741498E+000	2.2916560000000000E-003
1.3873590243886802E+000	2.1265059999999998E-003
1.5141146344962093E+000	2.1188539999999999E-003
1.6412338936530777E+000	2.2421360000000000E-003
1.7686302782398662E+000	2.3704780000000001E-003
1.8962439624466327E+000	2.4807179999999998E-003
2.0240326085400637E+000	2.5349380000000000E-003
2.1519693129600141E+000	2.5563620000000000E-003
2.2799877329487268E+000	2.5434320000000000E-003
2.4079641450816291E+000	2.5227180000000002E-003
2.5359280320491910E+000	2.4923319999999999E-003
2.6639027391559131E+000	2.4579279999999998E-003
2.7919124482074098E+000	2.4244959999999999E-003
2.9199871364003758E+000	2.3874299999999998E-003
3.0481521336559450E+000	2.3504139999999999E-003
3.1763758313732819E+000	2.3136820000000001E-003
3.3045689664568902E+000	2.2751500000000001E-003
3.4327417997671841E+000	2.2361220000000001E-003
3.5609057998720091E+000	2.1961820000000001E-003
3.6890717207674819E+000	2.1542860000000000E-003
3.8172493322320622E+000	2.1097420000000000E-003
3.9454489989752082E+000	2.0627100000000002E-003
4.0736805863436043E+000	2.0129079999999999E-003
4.2019518420870945E+000	1.9607684000000000E-003
4.3302697210275722E+000	1.9065957999999999E-003
4.4586416494250161E+000	1.8496414000000001E-003
4.5870744881024814E+000	1.7898642000000000E-003
4.7155735013768707E+000	1.7276886000000000E-003
4.8441430695066456E+000	1.6629974000000000E-003
4.9727877174715172E+000	1.5954560000000001E-003
5.1015119236505413E+000	1.5251069999999999E-003
5.2303192889047221E+000	1.4525988000000001E-003
5.3592119789632804E+000	1.3781802000000000E-003
5.4881460155328980E+000	1.3018144000000000E-003
5.6170925337068836E+000	1.2231954000000000E-003
5.7460541404721255E+000	1.1428078000000001E-003
5.8750330149284142E+000	1.0611787999999999E-003
6.0040307706996598E+000	9.7873240000000009E-004
6.1330487904452315E+000	8.9562900000000000E-004
6.2620885911924189E+000	8.1159419999999997E-004
6.3911518389219504E+000	7.2715979999999996E-004
6.5202400710432933E+000	6.4254120000000001E-004
6.6493544799566502E+000	5.5847419999999995E-004
6.7784959635443194E+000	4.7504740000000001E-004
6.9076653469997256E+000	3.9243060000000002E-004
7.0368635506176949E+000	3.1078680000000002E-004
7.1660915637114915E+000	2.3044480000000001E-004
7.2953502930890979E+000	1.5193927999999999E-004
7.4246404448152212E+000	7.5638979999999997E-005
7.5539625377691868E+000	1.8435448000000001E-006
7.6833170177431747E+000	-6.9268060000000006E-005
7.8127043630409512E+000	-1.3753714000000000E-004
7.9421251020021337E+000	-2.0244419999999999E-004
8.0715797516964312E+000	-2.6412160000000002E-004
8.2010687387387691E+000	-3.2190959999999998E-004
8.3305923698993780E+000	-3.7560220000000001E-004
8.4601508646827170E+000	-4.2508059999999998E-004
8.5897444189451875E+000	-4.7011159999999999E-004
8.7193732467139071E+000	-5.1048939999999996E-004
8.8490375813457050E+000	-5.4606019999999997E-004
8.9787376423560179E+000	-5.7655380000000000E-004
9.1084735979861371E+000	-6.0177359999999999E-004
9.2382455503874930E+000	-6.2158760000000004E-004
9.3680535510000329E+000	-6.3579279999999999E-004
9.4978976303693532E+000	-6.4442079999999999E-004
9.6277778209719305E+000	-6.4727340000000000E-004
9.7576941643765878E+000	-6.4425120000000005E-004
9.8876466996005643E+000	-6.3529540000000005E-004
1.0017635444428473E+001	-6.2031779999999995E-004
1.0147660383154705E+001	-5.9927319999999995E-004
1.0277721467044973E+001	-5.7210460000000002E-004
1.0407818625285850E+001	-5.3877160000000005E-004
1.0537951779344288E+001	-4.9947000000000001E-004
1.0668120852458907E+001	-4.5409580000000001E-004
1.0798325770238478E+001	-4.0275599999999999E-004
1.0928566453865097E+001	-3.4545719999999998E-004
1.1058842812056664E+001	-2.8240319999999999E-004
1.1189154735984577E+001	-2.1356020000000000E-004
1.1319502099049959E+001	-1.3912042000000001E-004
1.1449884761449253E+001	-5.9211859999999999E-005
1.1580302577094589E+001	2.6012219999999999E-005
1.1710751064582658E+001	1.1635146000000000E-004
1.1841216386389069E+001	2.1159219999999999E-004
1.1971697562551451E+001	3.1155659999999998E-004
1.2102194638080112E+001	4.1602200000000000E-004
1.2232707652838920E+001	5.2470100000000003E-004
1.2363236641318229E+001	6.3735720000000003E-004
1.2493781631545975E+001	7.5372079999999999E-004
1.2624342644518103E+001	8.7349640000000000E-004
1.2754919692679648E+001	9.9639239999999994E-004
1.2885512777299422E+001	1.1221064000000000E-003
1.3016121887220704E+001	1.2503212000000001E-003
1.3146746999894948E+001	1.3807311999999999E-003
1.3277387931699113E+001	1.5129252000000001E-003
1.3408044396339603E+001	1.6465472000000000E-003
1.3538716373688260E+001	1.7811909999999999E-003
1.3669403872042624E+001	1.9165009999999999E-003
1.3800106929916549E+001	2.0520859999999998E-003
1.3930825615861474E+001	2.1874980000000000E-003
1.4061560018491432E+001	2.3224360000000002E-003
1.4192310228336940E+001	2.4564280000000001E-003
1.4323076314615728E+001	2.5892519999999998E-003
1.4453858301176179E+001	2.7204199999999999E-003
1.4584656144829630E+001	2.8496559999999999E-003
1.4715469723578648E+001	2.9766160000000001E-003
1.4846298834070662E+001	3.1009200000000001E-003
1.4977143201494272E+001	3.2222240000000001E-003
1.5108002500183247E+001	3.3400999999999999E-003
1.5238876382534549E+001	3.4541600000000000E-003
1.5369764506901927E+001	3.5639140000000001E-003
1.5500666317343541E+001	3.6689200000000000E-003
1.5631581424188814E+001	3.7687660000000002E-003
1.5762509677414442E+001	3.8630100000000001E-003
1.5893451019681116E+001	3.9513400000000002E-003
1.6024405482221503E+001	4.0333660000000000E-003
1.6155373171538809E+001	4.1087260000000000E-003
1.6286354248496934E+001	4.1772360000000000E-003
1.6417348903078707E+001	4.2385820000000003E-003
1.6548357328560680E+001	4.2925680000000001E-003
1.6679379697707642E+001	4.3389500000000003E-003
1.6810416143748093E+001	4.3775799999999998E-003
1.6941466747610708E+001	4.4081679999999996E-003
1.7072531531384264E+001	4.4305560000000004E-003
1.7203610459068631E+001	4.4445520000000001E-003
1.7334703442388108E+001	4.4499620000000000E-003
1.7465810351131438E+001	4.4465980000000004E-003
1.7596931025876696E+001	4.4345039999999997E-003
1.7728065291629203E+001	4.4133339999999997E-003
1.7859212970879078E+001	4.3831579999999998E-003
1.7990373895076132E+001	4.3437420000000003E-003
1.8121547913388294E+001	4.2951400000000002E-003
1.8252734898113449E+001	4.2373100000000002E-003
1.8383934747087153E+001	4.1702620000000001E-003
1.8515147383542818E+001	4.0939860000000000E-003
1.8646372753170649E+001	4.0085479999999998E-003
1.8777610820062286E+001	3.9140520000000003E-003
1.8908861561679768E+001	3.8105919999999998E-003
1.9040124963785040E+001	3.6983060000000002E-003
1.9171401015861736E+001	3.5773340000000002E-003
1.9302689707703930E+001	3.4478660000000000E-003
1.9433991026658951E+001	3.3100920000000002E-003
1.9565304956664647E+001	3.1642699999999998E-003
1.9696631478169447E+001	3.0106320000000001E-003
1.9827970568365355E+001	2.8493960000000001E-003
1.9959322202419191E+001	2.6809220000000001E-003
2.0090686353831277E+001	2.5054660000000000E-003
2.0222062994066086E+001	2.3233820000000001E-003
2.0353452091202715E+001	2.1350440000000000E-003
2.0484853607212656E+001	1.9407789999999999E-003
2.0616267493756144E+001	1.7410238000000000E-003
2.0747693687110974E+001	1.5361604000000001E-003
2.0879132102660357E+001	1.3266630000000001E-003
2.1010582629674527E+001	1.1129493999999999E-003
2.1142045127436685E+001	8.9562599999999995E-004
2.1273519423781099E+001	6.7505980000000004E-004
2.1405005316321848E+001	4.5177219999999998E-004
2.1536502577679823E+001	2.2622680000000000E-004
2.1668010964366051E+001	-8.8066079999999999E-007
2.1799530229239693E+001	-2.2922000000000000E-004
2.1931060136299209E+001	-4.5820559999999998E-004
2.2062600476864908E+001	-6.8725480000000005E-004
2.2194151085949834E+001	-9.1581360000000001E-004
2.2325711856335758E+001	-1.1433894000000000E-003
2.2457282749149279E+001	-1.3694594000000001E-003
2.2588863799021858E+001	-1.5934657999999999E-003
2.2720455113184475E+001	-1.8147964000000000E-003
2.2852056864322883E+001	-2.0329839999999998E-003
2.2983669246327224E+001	-2.2474119999999998E-003
2.3115291975020860E+001	-2.4574319999999998E-003
2.3246925110073711E+001	-2.6624660000000001E-003
2.3378568894543545E+001	-2.8619460000000002E-003
2.3510223538963906E+001	-3.0553080000000001E-003
2.3641889201249366E+001	-3.2419440000000001E-003
2.3773565971398867E+001	-3.4212660000000001E-003
2.3905253862201747E+001	-3.5927180000000000E-003
2.4036952806446056E+001	-3.7557379999999998E-003
2.4168662661185451E+001	-3.9097919999999996E-003
2.4300383217914380E+001	-4.0544240000000000E-003
2.4432114217532874E+001	-4.1891619999999997E-003
2.4563855368807342E+001	-4.3135580000000003E-003
2.4695606368303061E+001	-4.4271859999999996E-003
2.4827366919704030E+001	-4.5296840000000000E-003
2.4959136751297795E+001	-4.6207160000000004E-003
2.5090915629962801E+001	-4.6999520000000003E-003
2.5222703370566872E+001	-4.7670560000000004E-003
2.5354499840739088E+001	-4.8216960000000003E-003
2.5486304960864874E+001	-4.8635659999999997E-003
2.5618118699796849E+001	-4.8924700000000003E-003
2.5749941067352747E+001	-4.9080060000000003E-003
2.5881772104215102E+001	-4.9100439999999997E-003
2.6013611870786431E+001	-4.8983079999999997E-003
2.6145460436137345E+001	-4.8726459999999996E-003
2.6277317867463179E+001	-4.8329760000000001E-003
2.6409184221643855E+001	-4.7790480000000002E-003
2.6541059538448398E+001	-4.7108660000000002E-003
2.6672943836446375E+001	-4.6283660000000001E-003
2.6804837111259996E+001	-4.5315379999999999E-003
2.6936739335852568E+001	-4.4204600000000002E-003
2.7068650462644591E+001	-4.2951899999999999E-003
2.7200570426761431E+001	-4.1557979999999996E-003
2.7332499150581071E+001	-4.0024179999999998E-003
2.7464436548043071E+001	-3.8352220000000001E-003
2.7596382528856729E+001	-3.6544199999999998E-003
2.7728337002813237E+001	-3.4602639999999998E-003
2.7860299883046185E+001	-3.2530559999999998E-003
2.7992271088497102E+001	-3.0330919999999998E-003
2.8124250545725747E+001	-2.8007119999999999E-003
2.8256238189808233E+001	-2.5562900000000001E-003
2.8388233964588174E+001	-2.3002340000000000E-003
2.8520237822349642E+001	-2.0329739999999999E-003
2.8652249723144159E+001	-1.7549718000000000E-003
2.8784269633777573E+001	-1.4667432000000000E-003
2.8916297526652663E+001	-1.1688397999999999E-003
2.9048333378616196E+001	-8.6180280000000000E-004
2.9180377169878629E+001	-5.4623580000000001E-004
2.9312428883002191E+001	-2.2271739999999999E-004
2.9444488502007079E+001	1.0806766000000000E-004
2.9576556011657846E+001	4.4548439999999998E-004
2.9708631396868416E+001	7.8878640000000001E-004
2.9840714642307045E+001	1.1373106000000001E-003
2.9972805732086687E+001	1.4903108000000000E-003
3.0104904649427880E+001	1.8470302000000000E-003
3.0237011376476328E+001	2.2066920000000001E-003
3.0369125894411258E+001	2.5684960000000000E-003
3.0501248183202300E+001	2.9316479999999998E-003
3.0633378221608918E+001	3.2953399999999999E-003
3.0765515987176435E+001	3.6587040000000000E-003
3.0897661456129029E+001	4.0209640000000001E-003
3.1029814603384814E+001	4.3812340000000003E-003
3.1161975402573788E+001	4.7386959999999997E-003
3.1294143825967275E+001	5.0924680000000002E-003
3.1426319844334845E+001	5.4417040000000003E-003
3.1558503426992068E+001	5.7855579999999997E-003
3.1690694483565544E+001	6.1231159999999996E-003
3.1822891945251538E+001	6.4535599999999997E-003
3.1955095378370789E+001	6.7760720000000002E-003
3.2087304726249528E+001	7.0898039999999999E-003
3.2219519933612716E+001	7.3938679999999996E-003
3.2351740946763790E+001	7.6875040000000004E-003
3.2483967713779037E+001	7.9699200000000001E-003
3.2616200184580208E+001	8.2402780000000002E-003
3.2748438311051537E+001	8.4978120000000004E-003
3.2880682047094510E+001	8.7417780000000004E-003
3.3012931348866566E+001	8.9714259999999994E-003
3.3145186174852256E+001	9.1860540000000008E-003
3.3277446485992769E+001	9.3849899999999993E-003
3.3409712245678627E+001	9.5675880000000001E-003
3.3541983419626270E+001	9.7331720000000000E-003
3.3674259975965342E+001	9.8811460000000004E-003
3.3806541885094425E+001	1.0010966000000000E-002
3.3938829119470107E+001	1.0122101999999999E-002
3.4071121653378498E+001	1.0214054000000000E-002
3.4203419462725108E+001	1.0286336000000000E-002
3.4335722524822195E+001	1.0338534000000000E-002
3.4468030818132178E+001	1.0370268000000000E-002
3.4600344322143918E+001	1.0381188000000000E-002
3.4732663017334971E+001	1.0370992000000001E-002
3.4864986885173344E+001	1.0339414000000000E-002
3.4997315908244069E+001	1.0286244000000000E-002
3.5129650070506685E+001	1.0211318000000000E-002
3.5261989357643138E+001	1.0114510000000000E-002
3.5394333757446631E+001	9.9957480000000005E-003
3.5526683260307166E+001	9.8549899999999992E-003
3.5659037859638431E+001	9.6922520000000002E-003
3.5791397552257052E+001	9.5076020000000004E-003
3.5923762338687233E+001	9.3011359999999998E-003
3.6056132223294995E+001	9.0730600000000008E-003
3.6188507214310313E+001	8.8235740000000007E-003
3.6320887323720939E+001	8.5529200000000003E-003
3.6453272566854515E+001	8.2614160000000006E-003
3.6585662961802619E+001	7.9494260000000008E-003
3.6718058528800817E+001	7.6173539999999998E-003
3.6850459289565407E+001	7.2656839999999997E-003
3.6982865266405881E+001	6.8949160000000001E-003
3.7115276481501311E+001	6.5056180000000003E-003
3.7247692956223823E+001	6.0984079999999996E-003
3.7380114710540518E+001	5.6739180000000000E-003
3.7512541762591347E+001	5.2328380000000001E-003
3.7644974128436786E+001	4.7759380000000004E-003
3.7777411822024334E+001	4.3039719999999997E-003
3.7909854855345387E+001	3.8178359999999998E-003
3.8042303238647456E+001	3.3183760000000001E-003
3.8174756980886279E+001	2.8064779999999998E-003
3.8307216090126509E+001	2.2830799999999998E-003
3.8439680573948365E+001	1.7491668000000000E-003
3.8572150439910573E+001	1.2057998000000001E-003
3.8704625695893284E+001	6.5400680000000000E-004
3.8837106350333670E+001	9.4854680000000004E-005
3.8969592412208158E+001	-4.7054239999999998E-004
3.9102083891045538E+001	-1.0410348000000000E-003
3.9234580796632585E+001	-1.6154532000000001E-003
3.9367083138796382E+001	-2.1926540000000000E-003
3.9499590927007425E+001	-2.7714039999999999E-003
3.9632104169631027E+001	-3.3504659999999999E-003
3.9764622873517737E+001	-3.9286080000000001E-003
3.9897147043512582E+001	-4.5045479999999997E-003
4.0029676682102348E+001	-5.0770859999999998E-003
4.0162211788718317E+001	-5.6449300000000003E-003
4.0294752359415000E+001	-6.2067939999999999E-003
4.0427298386727713E+001	-6.7613919999999997E-003
4.0559849635308183E+001	-7.3074339999999998E-003
4.0692404215413504E+001	-7.8436440000000003E-003
4.0824961659142325E+001	-8.3687580000000004E-003
4.0957521914015295E+001	-8.8815119999999994E-003
4.1090084929178602E+001	-9.3806500000000008E-003
4.1222650655643683E+001	-9.8649400000000009E-003
4.1355219046581610E+001	-1.0333172000000000E-002
4.1487790057597998E+001	-1.0784148000000000E-002
4.1620363646977623E+001	-1.1216688000000001E-002
4.1752939775906512E+001	-1.1629642000000001E-002
4.1885518408652203E+001	-1.2021888000000000E-002
4.2018099512702761E+001	-1.2392337999999999E-002
4.2150683058890756E+001	-1.2739926000000000E-002
4.2283269021509170E+001	-1.3063623999999999E-002
4.2415857378419247E+001	-1.3362452000000000E-002
4.2548448111097706E+001	-1.3635464000000000E-002
4.2681041204646384E+001	-1.3881756000000000E-002
4.2813636647864577E+001	-1.4100474000000000E-002
4.2946234433374819E+001	-1.4290806000000000E-002
4.3078834557669168E+001	-1.4452002000000000E-002
4.3211437021122556E+001	-1.4583356000000000E-002
4.3344041828098753E+001	-1.4684232000000000E-002
4.3476648986982845E+001	-1.4754049999999999E-002
4.3609258510313332E+001	-1.4792290000000000E-002
4.3741870414860635E+001	-1.4798459999999999E-002
4.3874484721649381E+001	-1.4772138000000001E-002
4.4007101455954057E+001	-1.4712984000000000E-002
4.4139720647287497E+001	-1.4620716000000001E-002
4.4272342329395421E+001	-1.4495137999999999E-002
4.4404966540170143E+001	-1.4336082000000000E-002
4.4537593321530736E+001	-1.4143470000000000E-002
4.4670222719225904E+001	-1.3917314000000000E-002
4.4802854782696286E+001	-1.3657660000000000E-002
4.4935489564838797E+001	-1.3364624000000000E-002
4.5068127121719861E+001	-1.3038434000000000E-002
4.5200767512299400E+001	-1.2679368000000000E-002
4.5333410798187707E+001	-1.2287770000000000E-002
4.5466057043394301E+001	-1.1864062000000000E-002
4.5598706314081433E+001	-1.1408730000000001E-002
4.5731358678314301E+001	-1.0922326000000000E-002
4.5864014205818201E+001	-1.0405523999999999E-002
4.5996672967842066E+001	-9.8589920000000004E-003
4.6129335037089419E+001	-9.2835020000000008E-003
4.6262000487383034E+001	-8.6799340000000003E-003
4.6394669393661594E+001	-8.0491620000000003E-003
4.6527341831946167E+001	-7.3921819999999997E-003
4.6660017879142011E+001	-6.7101280000000001E-003
4.6792697612959252E+001	-6.0040179999999999E-003
4.6925381111814453E+001	-5.2750460000000002E-003
4.7058068454480683E+001	-4.5244860000000003E-003
4.7190759720028183E+001	-3.7536060000000000E-003
4.7323454987536103E+001	-2.9637660000000001E-003
4.7456154335722601E+001	-2.1563600000000000E-003
4.7588857842670308E+001	-1.3328611999999999E-003
4.7721565585396938E+001	-4.9480439999999997E-004
4.7854277639450089E+001	3.5626279999999999E-004
4.7986994078501056E+001	1.2187298000000000E-003
4.8119714973886936E+001	2.0909359999999998E-003
4.8252440394178691E+001	2.9712060000000001E-003
4.8385170404833040E+001	3.8578000000000002E-003
4.8517905067770414E+001	4.7489580000000002E-003
4.8650644441083784E+001	5.6429219999999999E-003
4.8783388578741864E+001	6.5379059999999996E-003
4.8916137530353119E+001	7.4320560000000003E-003
4.9048891340946525E+001	8.3234980000000004E-003
4.9181650050858245E+001	9.2103580000000001E-003
4.9314413695650799E+001	1.0090734000000001E-002
4.9447182305988086E+001	1.0962744000000000E-002
4.9579955907741450E+001	1.1824510000000000E-002
4.9712734470617100E+001	1.2674124000000000E-002
4.9845515393059827E+001	1.3509676000000000E-002
4.9978297181534749E+001	1.4329260000000000E-002
5.0111079798691620E+001	1.5131000000000000E-002
5.0243863210500294E+001	1.5913038000000001E-002
5.0243863210500294E+001	1.6673561999999999E-002
5.0376647386488898E+001	1.7410732000000002E-002
5.0509432299931753E+001	1.8122760000000002E-002
5.0642217927934020E+001	1.8807879999999999E-002
5.0775004251436172E+001	1.9464378000000001E-002
5.0907791255328931E+001	2.0090560000000000E-002
5.1040578928553529E+001	2.0684780000000000E-002
5.1173367264154905E+001	2.1245440000000001E-002
5.1306156259278268E+001	2.1770999999999999E-002
5.1438945915217687E+001	2.2259999999999999E-002
5.1571736237317175E+001	2.2710999999999999E-002
5.1704527235085173E+001	2.3122580000000000E-002
5.1837318922256451E+001	2.3493460000000001E-002
5.1970111316705101E+001	2.3822420000000000E-002
5.2102904440512916E+001	2.4108259999999999E-002
5.2235698320008176E+001	2.4349900000000001E-002
5.2368492985787000E+001	2.4546320000000000E-002
5.2501288472529303E+001	2.4696639999999999E-002
5.2634084819153500E+001	2.4799939999999999E-002
5.2766882068856006E+001	2.4855499999999999E-002
5.2899680269070906E+001	2.4862619999999998E-002
5.3032479471340054E+001	2.4820740000000001E-002
5.3165279731270111E+001	2.4729359999999999E-002
5.3298081108460835E+001	2.4588059999999998E-002
5.3430883666505167E+001	2.4396560000000001E-002
5.3563687472898600E+001	2.4154640000000002E-002
5.3696492598847058E+001	2.3862180000000000E-002
5.3829299119249271E+001	2.3519180000000001E-002
5.3962107112536607E+001	2.3125739999999999E-002
5.4094916660264253E+001	2.2682140000000000E-002
5.4227727847025882E+001	2.2188619999999999E-002
5.4360540760501515E+001	2.1645600000000001E-002
5.4493355491170497E+001	2.1053599999999999E-002
5.4626172132009870E+001	2.0413239999999999E-002
5.4758990778314676E+001	1.9725248000000001E-002
5.4891811527507862E+001	1.8990468000000000E-002
5.5024634478871768E+001	1.8209811999999999E-002
5.5157459733310155E+001	1.7384278000000000E-002
5.5290287393155431E+001	1.6515031999999999E-002
5.5423117561909883E+001	1.5603350000000000E-002
5.5555950343921381E+001	1.4650554000000000E-002
5.5688785844208823E+001	1.3658048000000001E-002
5.5821624168258502E+001	1.2627410000000000E-002
5.5954465421681036E+001	1.1560229999999999E-002
5.6087309709909206E+001	1.0458240000000001E-002
5.6220157137992715E+001	9.3233259999999998E-003
5.6353007810332670E+001	8.1573719999999995E-003
5.6485861830528158E+001	6.9622740000000001E-003
5.6618719301064260E+001	5.7401580000000004E-003
5.6751580322909199E+001	4.4932039999999998E-003
5.6884444995342449E+001	3.2236040000000001E-003
5.7017313415895785E+001	1.9336310000000001E-003
5.7150185679898470E+001	6.2567020000000001E-004
5.7283061880189059E+001	-6.9786360000000005E-004
5.7415942106897518E+001	-2.0344579999999998E-003
5.7548826447196625E+001	-3.3815500000000001E-003
5.7681714985037452E+001	-4.7365580000000001E-003
5.7814607800918573E+001	-6.0968460000000004E-003
5.7947504971627787E+001	-7.4597079999999998E-003
5.8080406570003142E+001	-8.8224059999999997E-003
5.8213312664595470E+001	-1.0182155999999999E-002
5.8346223319414747E+001	-1.1536160000000000E-002
5.8479138593720556E+001	-1.2881622000000001E-002
5.8612058541835381E+001	-1.4215712000000000E-002
5.8744983212910270E+001	-1.5535564000000000E-002
5.8877912650741095E+001	-1.6838328000000000E-002
5.9010846893298179E+001	-1.8121149999999999E-002
5.9143782621689333E+001	-1.9381124000000000E-002
5.9276716575951454E+001	-2.0615439999999999E-002
5.9409648708572938E+001	-2.1821299999999998E-002
5.9542578978504139E+001	-2.2995880000000000E-002
5.9675507351375195E+001	-2.4136379999999999E-002
5.9808433799809578E+001	-2.5239999999999999E-002
5.9941358303464028E+001	-2.6304080000000001E-002
6.0074280848766989E+001	-2.7326000000000000E-002
6.0207201429193070E+001	-2.8303200000000001E-002
6.0340120045378214E+001	-2.9233140000000001E-002
6.0473036705129481E+001	-3.0113279999999999E-002
6.0605951423545825E+001	-3.0941219999999998E-002
6.0738864223013692E+001	-3.1714659999999999E-002
6.0871775132992177E+001	-3.2431340000000003E-002
6.1004684189836702E+001	-3.3089100000000003E-002
6.1137591436967597E+001	-3.3685819999999998E-002
6.1270496925001218E+001	-3.4219560000000003E-002
6.1403400711616264E+001	-3.4688459999999997E-002
6.1536302860861447E+001	-3.5090719999999999E-002
6.1669203443540177E+001	-3.5424680000000000E-002
6.1802102537119147E+001	-3.5688820000000003E-002
6.1935000225406498E+001	-3.5881759999999999E-002
6.2067896598329433E+001	-3.6002140000000002E-002
6.2200791751906657E+001	-3.6048799999999999E-002
6.2333685788168218E+001	-3.6020740000000002E-002
6.2466578814875305E+001	-3.5917060000000001E-002
6.2599470945151488E+001	-3.5736919999999998E-002
6.2732362297403398E+001	-3.5479759999999999E-002
6.2865252995054917E+001	-3.5145040000000002E-002
6.2998143166369580E+001	-3.4732460000000000E-002
6.3131032944394072E+001	-3.4241840000000003E-002
6.3263922466284633E+001	-3.3673120000000001E-002
6.3396811873251508E+001	-3.3026600000000003E-002
6.3529701310136502E+001	-3.2302560000000001E-002
6.3662590925151896E+001	-3.1501300000000003E-002
6.3795480869997306E+001	-3.0623560000000001E-002
6.3928371299225340E+001	-2.9670120000000001E-002
6.4061262369568922E+001	-2.8641880000000002E-002
6.4194154240068443E+001	-2.7539959999999999E-002
6.4327047071799740E+001	-2.6365580000000000E-002
6.4459941027266339E+001	-2.5120099999999999E-002
6.4592836270122959E+001	-2.3805179999999999E-002
6.4725732964802518E+001	-2.2422540000000001E-002
6.4858631276167216E+001	-2.0974019999999999E-002
6.4991531369262248E+001	-1.9461624000000000E-002
6.5124433408833710E+001	-1.7887449999999999E-002
6.5257337559017614E+001	-1.6254048000000000E-002
6.5390243983146505E+001	-1.4564050000000000E-002
6.5523152842795042E+001	-1.2820128000000000E-002
6.5656064297554906E+001	-1.1025112000000000E-002
6.5788978504885748E+001	-9.1819060000000001E-003
6.5921895619805142E+001	-7.2937020000000000E-003
6.6054815794593324E+001	-5.3638000000000002E-003
6.6187739178077720E+001	-3.3953880000000001E-003
6.6320665915613986E+001	-1.3919944000000001E-003
6.6453596148779525E+001	6.4265500000000001E-004
6.6586530014243621E+001	2.7048720000000001E-003
6.6719467643984004E+001	4.7908580000000003E-003
6.6852409164927607E+001	6.8965119999999996E-003
6.6985354698272630E+001	9.0177959999999998E-003
6.7118304359268379E+001	1.1150464000000001E-002
6.7251258257171315E+001	1.3290352000000000E-002
6.7384216494540837E+001	1.5433082000000001E-002
6.7517179166860330E+001	1.7573966000000000E-002
6.7650146361809036E+001	1.9708509999999999E-002
6.7783118159413320E+001	2.1832180000000000E-002
6.7916094632097170E+001	2.3940199999999998E-002
6.8049075843339836E+001	2.6027920000000000E-002
6.8182061847662780E+001	2.8090620000000000E-002
6.8315052690854287E+001	3.0123500000000001E-002
6.8448046046101751E+001	3.2121660000000003E-002
6.8581034286024291E+001	3.4080319999999997E-002
6.8714016738626114E+001	3.5994659999999998E-002
6.8846993313274737E+001	3.7859780000000003E-002
6.8979963929747470E+001	3.9670959999999998E-002
6.9112928518859619E+001	4.1423599999999998E-002
6.9245887021653274E+001	4.3112860000000003E-002
6.9378839390236223E+001	4.4734099999999999E-002
6.9511785588279338E+001	4.6282600000000000E-002
6.9644725590484782E+001	4.7753999999999998E-002
6.9777659383355271E+001	4.9143739999999998E-002
6.9910586964636920E+001	5.0447319999999997E-002
7.0043508342895990E+001	5.1660379999999999E-002
7.0176423538428779E+001	5.2778560000000002E-002
7.0309332583965144E+001	5.3798119999999998E-002
7.0442235522752725E+001	5.4714960000000000E-002
7.0575132407409441E+001	5.5525060000000001E-002
7.0708023303211547E+001	5.6224999999999997E-002
7.0840908287471194E+001	5.6811239999999999E-002
7.0973787446826449E+001	5.7280499999999998E-002
7.1106660878251205E+001	5.7629600000000003E-002
7.1239528689255891E+001	5.7855440000000001E-002
7.1372390997897170E+001	5.7955359999999997E-002
7.1505247931751910E+001	5.7926819999999997E-002
7.1638099627278450E+001	5.7767480000000003E-002
7.1770946230482252E+001	5.7475119999999998E-002
7.1903787896207035E+001	5.7047779999999999E-002
7.2036624787682300E+001	5.6483899999999997E-002
7.2169457076505225E+001	5.5781860000000003E-002
7.2302284941556266E+001	5.4940160000000002E-002
7.2435108569247120E+001	5.3957840000000000E-002
7.2567928153356632E+001	5.2834480000000003E-002
7.2700743893857194E+001	5.1569539999999997E-002
7.2833555996055637E+001	5.0162800000000000E-002
7.2966364671259697E+001	4.8615060000000002E-002
7.3099170135648677E+001	4.6926599999999999E-002
7.3231972608407361E+001	4.5097880000000000E-002
7.3364772314147615E+001	4.3130160000000001E-002
7.3497569481675072E+001	4.1025279999999997E-002
7.3630364340857284E+001	3.8784699999999998E-002
7.3763157124480799E+001	3.6410119999999997E-002
7.3895948068640536E+001	3.3903919999999997E-002
7.4028737409064490E+001	3.1268780000000003E-002
7.4161525381891977E+001	2.8507999999999999E-002
7.4294312223714471E+001	2.5625160000000001E-002
7.4427098169723905E+001	2.2623460000000001E-002
7.4559883454840644E+001	1.9507058000000001E-002
7.4692668312614686E+001	1.6281034000000000E-002
7.4825452973132570E+001	1.2950700000000001E-002
7.4958237662255414E+001	9.5210659999999999E-003
7.5091022602999516E+001	5.9976559999999996E-003
7.5223808014075374E+001	2.3867300000000001E-003
7.5356594107851421E+001	-1.3046874000000000E-003
7.5489381091686340E+001	-5.0696159999999999E-003
7.5622169164776523E+001	-8.9009520000000002E-003
7.5754958519923093E+001	-1.2790836000000000E-002
7.5887749343519616E+001	-1.6731271999999998E-002
7.6020541811320612E+001	-2.0713499999999999E-002
7.6153336089101828E+001	-2.4728279999999998E-002
7.6286132332420308E+001	-2.8766060000000000E-002
7.6418930685883268E+001	-3.2816739999999997E-002
7.6551731282280727E+001	-3.6869939999999997E-002
7.6684534241591450E+001	-4.0915100000000003E-002
7.6817339669289566E+001	-4.4941120000000001E-002
7.6950147655270200E+001	-4.8936199999999999E-002
7.7082958275163890E+001	-5.2888039999999997E-002
7.7215771587217617E+001	-5.6783960000000001E-002
7.7348581562078763E+001	-6.0610860000000003E-002
7.7481376137706590E+001	-6.4356079999999996E-002
7.7614154739111328E+001	-6.8006159999999996E-002
7.7746917128393832E+001	-7.1547379999999994E-002
7.7879663092223666E+001	-7.4965720000000000E-002
7.8012392441691460E+001	-7.8246759999999999E-002
7.8145105011680855E+001	-8.1376799999999999E-002
7.8277800665317415E+001	-8.4341559999999996E-002
7.8410479294848500E+001	-8.7125859999999999E-002
7.8543140819166950E+001	-8.9716299999999999E-002
7.8675785184740874E+001	-9.2097739999999997E-002
7.8808412368588421E+001	-9.4255039999999998E-002
7.8941022379156948E+001	-9.6173960000000003E-002
7.9073615254266031E+001	-9.7840319999999995E-002
7.9206191061998538E+001	-9.9240099999999998E-002
7.9338749901408320E+001	-1.0035914000000000E-001
7.9471291904653512E+001	-1.0118394000000000E-001
7.9603817236866576E+001	-1.0170124000000000E-001
7.9736326094140040E+001	-1.0189753999999999E-001
7.9868818704428989E+001	-1.0176035999999999E-001
8.0001295331119337E+001	-1.0127942000000000E-001
8.0133756265751458E+001	-1.0044446000000000E-001
8.0266201827476308E+001	-9.9244920000000000E-002
8.0398632369133111E+001	-9.7671579999999994E-002
8.0531048273133194E+001	-9.5717040000000003E-002
8.0663449949113428E+001	-9.3374700000000005E-002
8.0795837834480793E+001	-9.0640180000000001E-002
8.0928212392300068E+001	-8.7507520000000005E-002
8.1060574115205668E+001	-8.3974359999999998E-002
8.1192923518915478E+001	-8.0041119999999993E-002
8.1325261139039114E+001	-7.5707099999999999E-002
8.1457587537307845E+001	-7.0974300000000004E-002
8.1457587537307845E+001	-6.5846719999999997E-002
8.1589903297625568E+001	-6.0330920000000003E-002
8.1722209019056251E+001	-5.4435060000000000E-002
8.1854505314056084E+001	-4.8170339999999999E-002
8.1986792814200115E+001	-4.1548300000000003E-002
8.2119072162840368E+001	-3.4582860000000000E-002
8.2251344015639333E+001	-2.7290579999999998E-002
8.2383609042794703E+001	-1.9690302000000000E-002
8.2515867923811697E+001	-1.1801960000000000E-002
8.2648121338626837E+001	-3.6499140000000002E-003
8.2780369971241385E+001	4.7417659999999997E-003
8.2912614507914242E+001	1.3344882000000001E-002
8.3044855633200527E+001	2.2127000000000001E-002
8.3177094028223024E+001	3.1055099999999999E-002
8.3309330360346053E+001	4.0096239999999998E-002
8.3441565282055819E+001	4.9212499999999999E-002
8.3573799437900448E+001	5.8363440000000003E-002
8.3706033460064191E+001	6.7507300000000006E-002
8.3838267961055664E+001	7.6600080000000001E-002
8.3970503527798087E+001	8.5598439999999998E-002
8.4102740716664954E+001	9.4456200000000004E-002
8.4234980053957685E+001	1.0312638000000000E-001
8.4367222037640715E+001	1.1156228000000000E-001
8.4499467130707089E+001	1.1971610000000001E-001
8.4631715757113781E+001	1.2753974000000001E-001
8.4763968295572369E+001	1.3498452000000000E-001
8.4896211760595662E+001	1.4200267999999999E-001
8.5028425688829174E+001	1.4854902000000000E-001
8.5160609720201577E+001	1.5457973999999999E-001
8.5292763799457347E+001	1.6004794000000000E-001
8.5424887947301556E+001	1.6491301999999999E-001
8.5556982273057656E+001	1.6913728000000000E-001
8.5689046977731792E+001	1.7268370000000000E-001
8.5821082338190621E+001	1.7551681999999999E-001
8.5953088715146933E+001	1.7760467999999999E-001
8.6085066559042616E+001	1.7891682000000000E-001
8.6217016408092647E+001	1.7942796000000000E-001
8.6348938883873700E+001	1.7911402000000001E-001
8.6480834681472032E+001	1.7795517999999999E-001
8.6612704577249602E+001	1.7593784000000001E-001
8.6744549426093542E+001	1.7305324000000000E-001
8.6876370151689301E+001	1.6929527999999999E-001
8.7008167740096056E+001	1.6466370000000000E-001
8.7139943245441160E+001	1.5916127999999999E-001
8.7271697784785104E+001	1.5279293999999999E-001
8.7403432531857106E+001	1.4557233999999999E-001
8.7535148714813431E+001	1.3751574000000000E-001
8.7666847607732947E+001	1.2864329999999999E-001
8.7798530523840498E+001	1.1897996000000000E-001
8.7930198811676206E+001	1.0855645999999999E-001
8.8061853849724443E+001	9.7407919999999995E-002
8.8193497041868198E+001	8.5572419999999996E-002
8.8325129811920135E+001	7.3094160000000005E-002
8.8456753604040713E+001	6.0021400000000003E-002
8.8588369871243174E+001	4.6407419999999998E-002
8.8719980060631144E+001	3.2307919999999997E-002
8.8851585614549649E+001	1.7782530000000001E-002
8.8983187964629877E+001	2.8981079999999999E-003
8.9114788534461681E+001	-1.2278002000000000E-002
8.9246388734553634E+001	-2.7670799999999999E-002
8.9377989947834834E+001	-4.3202459999999998E-002
8.9509593526518145E+001	-5.8796800000000003E-002
8.9641200785577837E+001	-7.4372620000000000E-002
8.9772813009374929E+001	-8.9848919999999999E-002
8.9904431446657313E+001	-1.0514502000000001E-001
9.0036057293734714E+001	-1.2017891999999999E-001
9.0167691702256192E+001	-1.3487172000000000E-001
9.0299335769316372E+001	-1.4914008000000001E-001
9.0430990524204063E+001	-1.6290424000000001E-001
9.0562656934714596E+001	-1.7608480000000001E-001
9.0694335891516204E+001	-1.8860272000000000E-001
9.0826028208942304E+001	-2.0038239999999999E-001
9.0957734625981374E+001	-2.1134980000000000E-001
9.1089455800991104E+001	-2.2142940000000000E-001
9.1221169422391853E+001	-2.3055400000000001E-001
9.1352848750932708E+001	-2.3866160000000000E-001
9.1484493851646477E+001	-2.4569079999999999E-001
9.1616104959427048E+001	-2.5158819999999998E-001
9.1747682447276048E+001	-2.5630480000000000E-001
9.1879226821708841E+001	-2.5979700000000000E-001
9.2010738717451929E+001	-2.6202839999999999E-001
9.2142218905689589E+001	-2.6296659999999999E-001
9.2273668283342616E+001	-2.6258640000000000E-001
9.2405086647957404E+001	-2.6086799999999999E-001
9.2536474468344650E+001	-2.5779980000000002E-001
9.2667834074506843E+001	-2.5337959999999998E-001
9.2799167870671326E+001	-2.4760979999999999E-001
9.2930478313772895E+001	-2.4049960000000001E-001
9.3061767561931532E+001	-2.3206320000000000E-001
9.3193035586986838E+001	-2.2232040000000000E-001
9.3324283697675298E+001	-2.1129840000000000E-001
9.3455513613654830E+001	-1.9903098000000000E-001
9.3586727099493416E+001	-1.8555926000000000E-001
9.3717925958885246E+001	-1.7092963999999999E-001
9.3849112031694077E+001	-1.5520164000000000E-001
9.3980287181724918E+001	-1.3843617999999999E-001
9.4111453296578034E+001	-1.2070118000000001E-001
9.4242612277950755E+001	-1.0207272000000001E-001
9.4373766038663803E+001	-8.2624959999999997E-002
9.4504916494061419E+001	-6.2442640000000001E-002
9.4636065550866121E+001	-4.1613280000000002E-002
9.4767215106866502E+001	-2.0230780000000000E-002
9.4898367045886246E+001	1.6031598000000001E-003
9.5029523230193305E+001	2.3783280000000000E-002
9.5160685489443750E+001	4.6201180000000001E-002
9.5291855621670550E+001	6.8746100000000004E-002
9.5423035388904225E+001	9.1304819999999995E-002
9.5554226502285559E+001	1.1375820000000000E-001
9.5685430623070729E+001	1.3598698000000001E-001
9.5816649359106236E+001	1.5786955999999999E-001
9.5947884246752963E+001	1.7928178000000000E-001
9.6079136749065029E+001	2.0010300000000000E-001
9.6210408257889981E+001	2.2021260000000001E-001
9.6341700090630397E+001	2.3949599999999999E-001
9.6473013489665021E+001	2.5784220000000002E-001
9.6604349611092445E+001	2.7513480000000001E-001
9.6735707722789201E+001	2.9126980000000002E-001
9.6867036674945794E+001	3.0614839999999999E-001
9.6998313353969223E+001	3.1967920000000000E-001
9.7129538838665496E+001	3.3177560000000000E-001
9.7260714420727581E+001	3.4235620000000000E-001
9.7391841585842769E+001	3.5134320000000002E-001
9.7522922020277875E+001	3.5866999999999999E-001
9.7653957595110910E+001	3.6427440000000000E-001
9.7784950345607882E+001	3.6810260000000000E-001
9.7915902456857722E+001	3.7010460000000001E-001
9.8046816263896247E+001	3.7024259999999998E-001
9.8177694236108863E+001	3.6848599999999998E-001
9.8308538965540180E+001	3.6481400000000003E-001
9.8439353151512918E+001	3.5921340000000002E-001
9.8570139592905051E+001	3.5168159999999998E-001
9.8700901174411442E+001	3.4223019999999998E-001
9.8831640852946094E+001	3.3087919999999998E-001
9.8962361647682698E+001	3.1765820000000000E-001
9.9093066617961810E+001	3.0261080000000001E-001
9.9223758855783146E+001	2.8578900000000002E-001
9.9354441477303197E+001	2.6725660000000001E-001
9.9485117616985903E+001	2.4708300000000000E-001
9.9615790426757059E+001	2.2534799999999999E-001
9.9746463056432077E+001	2.0214260000000001E-001
9.9877138646232751E+001	1.7756232000000000E-001
1.0000782031574848E+002	1.5171524000000000E-001
1.0013851115741554E+002	1.2471575999999999E-001
1.0026921423933301E+002	9.6690319999999996E-002
1.0039993259143100E+002	6.7770739999999996E-002
1.0053066920176845E+002	3.8088520000000001E-002
1.0066142699772786E+002	7.7848379999999997E-003
1.0079220885409008E+002	-2.2995160000000001E-002
1.0092301759085682E+002	-5.4099540000000002E-002
1.0105385594949269E+002	-8.5374660000000005E-002
1.0118472658889175E+002	-1.1665652000000000E-001
1.0131562462756925E+002	-1.4778253999999999E-001
1.0144654093733870E+002	-1.7859182000000001E-001
1.0157747741499983E+002	-2.0891999999999999E-001
1.0170843602098084E+002	-2.3859920000000001E-001
1.0183941866539568E+002	-2.6745999999999998E-001
1.0197042719295030E+002	-2.9533379999999998E-001
1.0210146335935684E+002	-3.2205080000000003E-001
1.0223252882803268E+002	-3.4742580000000001E-001
1.0236361840013902E+002	-3.7129719999999999E-001
1.0249466226829185E+002	-3.9351439999999999E-001
1.0262564232492836E+002	-4.1393160000000001E-001
1.0275655965800550E+002	-4.3241079999999998E-001
1.0288741563962563E+002	-4.4882480000000002E-001
1.0301821191391541E+002	-4.6305819999999998E-001
1.0314895037510304E+002	-4.7500579999999998E-001
1.0327963314909501E+002	-4.8457220000000001E-001
1.0341026256991061E+002	-4.9167660000000002E-001
1.0354084116992573E+002	-4.9625100000000000E-001
1.0367137166581607E+002	-4.9823879999999998E-001
1.0380185693707710E+002	-4.9759619999999999E-001
1.0393230001140066E+002	-4.9429360000000000E-001
1.0406270404417367E+002	-4.8831639999999998E-001
1.0419307230925946E+002	-4.7966779999999998E-001
1.0432340817685390E+002	-4.6836460000000002E-001
1.0445371509593906E+002	-4.5444119999999999E-001
1.0458399658774475E+002	-4.3794060000000001E-001
1.0471425623880621E+002	-4.1892620000000003E-001
1.0484449768609578E+002	-3.9747220000000000E-001
1.0497472461251030E+002	-3.7366620000000000E-001
1.0510494071788830E+002	-3.4760940000000001E-001
1.0523514972025671E+002	-3.1941520000000001E-001
1.0536535535508429E+002	-2.8920760000000001E-001
1.0549556136627251E+002	-2.5711820000000002E-001
1.0562577151283777E+002	-2.2329160000000001E-001
1.0575598955241523E+002	-1.8787840000000000E-001
1.0588621922419388E+002	-1.5103929999999999E-001
1.0601646425162566E+002	-1.1294880000000000E-001
1.0614672833414332E+002	-7.3784260000000004E-002
1.0627701514650806E+002	-3.3737919999999998E-002
1.0640732832507658E+002	6.9949319999999997E-003
1.0653767146929313E+002	4.8211219999999999E-002
1.0666804811536100E+002	8.9706159999999993E-002
1.0679846173768320E+002	1.3126222000000001E-001
1.0692891573754402E+002	1.7266129999999999E-001
1.0705941342445313E+002	2.1367939999999999E-001
1.0718995799555934E+002	2.5408760000000002E-001
1.0732055252349346E+002	2.9365439999999998E-001
1.0745119992788243E+002	3.3215099999999997E-001
1.0758190295197066E+002	3.6934679999999998E-001
1.0771266414236588E+002	4.0500419999999998E-001
1.0784348582582496E+002	4.3886900000000001E-001
1.0797435545096810E+002	4.7071180000000001E-001
1.0810517276799781E+002	5.0031639999999999E-001
1.0823591427402914E+002	5.2747980000000005E-001
1.0836658129559487E+002	5.5201080000000002E-001
1.0849717549177942E+002	5.7373459999999998E-001
1.0862769883324390E+002	5.9248979999999996E-001
1.0875815358040099E+002	6.0813839999999997E-001
1.0888854226755431E+002	6.2055660000000001E-001
1.0901886767436699E+002	6.2965099999999996E-001
1.0914913278914412E+002	6.3534060000000003E-001
1.0927934079383637E+002	6.3757019999999998E-001
1.0940949503592500E+002	6.3630739999999997E-001
1.0953959901382629E+002	6.3153760000000003E-001
1.0966965635066785E+002	6.2326820000000005E-001
1.0979967078700031E+002	6.1152260000000003E-001
1.0992964615963744E+002	5.9635139999999998E-001
1.1005958639224104E+002	5.7781720000000003E-001
1.1018949547440596E+002	5.5601000000000000E-001
1.1031937744399312E+002	5.3103259999999997E-001
1.1044923639125997E+002	5.0300380000000000E-001
1.1057907644930731E+002	4.7205380000000002E-001
1.1070890179289337E+002	4.3833179999999999E-001
1.1083871662518239E+002	4.0199020000000002E-001
1.1096852517695523E+002	3.6320019999999997E-001
1.1109833169019433E+002	3.2214480000000001E-001
1.1122814042754983E+002	2.7901160000000003E-001
1.1135795566319986E+002	2.3399780000000001E-001
1.1148778169133712E+002	1.8731075999999999E-001
1.1161762281740911E+002	1.3916966000000000E-001
1.1174748333317322E+002	8.9801740000000005E-002
1.1187736751928455E+002	3.9445019999999997E-002
1.1200727963388712E+002	-1.1652513999999999E-002
1.1213722390761636E+002	-6.3229419999999995E-002
1.1226720453835645E+002	-1.1501591999999999E-001
1.1239722567869499E+002	-1.6674185999999999E-001
1.1252729141405520E+002	-2.1812380000000001E-001
1.1265740575285959E+002	-2.6887780000000000E-001
1.1278757260995899E+002	-3.1870820000000000E-001
1.1291779577293620E+002	-3.6731740000000002E-001
1.1304807888617366E+002	-4.1440739999999998E-001
1.1317842540937625E+002	-4.5967960000000002E-001
1.1330883859185957E+002	-5.0284359999999995E-001
1.1343932144430269E+002	-5.4359599999999997E-001
1.1356987669927175E+002	-5.8162700000000001E-001
1.1370046476986982E+002	-6.1667499999999997E-001
1.1383097511366104E+002	-6.4849159999999995E-001
1.1396140334854428E+002	-6.7685340000000005E-001
1.1409175158139207E+002	-7.0155140000000005E-001
1.1422202225332111E+002	-7.2241339999999998E-001
1.1435221809381704E+002	-7.3928640000000001E-001
1.1448234209763844E+002	-7.5204859999999996E-001
1.1461239749438201E+002	-7.6061360000000000E-001
1.1474238772852307E+002	-7.6492499999999997E-001
1.1487231642353866E+002	-7.6495080000000004E-001
1.1500218735114150E+002	-7.6070059999999995E-001
1.1513200441600762E+002	-7.5219639999999999E-001
1.1526177164124454E+002	-7.3949140000000002E-001
1.1539149314241880E+002	-7.2266120000000000E-001
1.1552117313356457E+002	-7.0179979999999997E-001
1.1565081590304361E+002	-6.7702320000000005E-001
1.1578042580424531E+002	-6.4846800000000004E-001
1.1591000724422024E+002	-6.1628720000000003E-001
1.1603956468230919E+002	-5.8065180000000005E-001
1.1616910262310979E+002	-5.4174239999999996E-001
1.1629862561904062E+002	-4.9974459999999998E-001
1.1642813826530860E+002	-4.5486300000000002E-001
1.1655764520163132E+002	-4.0730240000000001E-001
1.1668715110896231E+002	-3.5728720000000003E-001
1.1681666069724545E+002	-3.0504940000000003E-001
1.1694617871275678E+002	-2.5082620000000000E-001
1.1707570993178226E+002	-1.9486518000000000E-001
1.1720525915860718E+002	-1.3742637999999999E-001
1.1733483122399203E+002	-7.8780320000000001E-002
1.1746443095909311E+002	-1.9212882000000001E-002
1.1759406319199175E+002	4.0983739999999998E-002
1.1772373272741956E+002	1.0149344000000000E-001
1.1785344433932066E+002	1.6200001999999999E-001
1.1798320277303307E+002	2.2216980000000000E-001
1.1811301272115989E+002	2.8166459999999999E-001
1.1824287880249062E+002	3.4013900000000002E-001
1.1837280553606796E+002	3.9724199999999998E-001
1.1850279731220617E+002	4.5261699999999999E-001
1.1863285835690375E+002	5.0591059999999999E-001
1.1876299269871458E+002	5.5677279999999996E-001
1.1889320412734072E+002	6.0486220000000002E-001
1.1902349615437784E+002	6.4982320000000005E-001
1.1915387195951384E+002	6.9131399999999998E-001
1.1928427153220858E+002	7.2904860000000005E-001
1.1941458727336989E+002	7.6276460000000001E-001
1.1954481927025718E+002	7.9222859999999995E-001
1.1967496995646582E+002	8.1723840000000003E-001
1.1980504207037137E+002	8.3762440000000005E-001
1.1993503862893640E+002	8.5325980000000001E-001
1.2006496288046506E+002	8.6404259999999999E-001
1.2019481829032306E+002	8.6992360000000002E-001
1.2032460851010310E+002	8.7088840000000001E-001
1.2045433735941718E+002	8.6695460000000002E-001
1.2058400878818692E+002	8.5817140000000003E-001
1.2071362686091044E+002	8.4462320000000002E-001
1.2084319575812259E+002	8.2640659999999999E-001
1.2097271975670256E+002	8.0365319999999996E-001
1.2110220321234250E+002	7.7650660000000005E-001
1.2123165057743110E+002	7.4513079999999998E-001
1.2136106637269478E+002	7.0970420000000001E-001
1.2149045518463117E+002	6.7041759999999995E-001
1.2161982166793632E+002	6.2748179999999998E-001
1.2174917054009821E+002	5.8111979999999996E-001
1.2187850657404287E+002	5.3154659999999998E-001
1.2200783460485599E+002	4.7899520000000001E-001
1.2213715953038800E+002	4.2370239999999998E-001
1.2226648631899556E+002	3.6592100000000000E-001
1.2239581999896829E+002	3.0591200000000002E-001
1.2252516563986612E+002	2.4394179999999999E-001
1.2265452836342216E+002	1.8029271999999999E-001
1.2278391334260429E+002	1.1525550000000000E-001
1.2291332579187684E+002	4.9140879999999998E-002
1.2304277095428452E+002	-1.7727139999999999E-002
1.2317225407924813E+002	-8.5011320000000001E-002
1.2330178040800079E+002	-1.5235737999999999E-001
1.2343135516769881E+002	-2.1939600000000001E-001
1.2356098356502989E+002	-2.8574680000000002E-001
1.2369067076451354E+002	-3.5101840000000001E-001
1.2382042185716091E+002	-4.1481240000000003E-001
1.2395024183448157E+002	-4.7672500000000001E-001
1.2408013554585169E+002	-5.3635279999999996E-001
1.2421010765961708E+002	-5.9329779999999999E-001
1.2434016262552986E+002	-6.4717139999999995E-001
1.2447030462982107E+002	-6.9759720000000003E-001
1.2460053753172481E+002	-7.4417140000000004E-001
1.2473085741053339E+002	-7.8656179999999998E-001
1.2486113642443726E+002	-8.2448040000000000E-001
1.2499132881097091E+002	-8.5767159999999998E-001
1.2512143701019505E+002	-8.8591140000000002E-001
1.2525146375212472E+002	-9.0902579999999999E-001
1.2538141202915743E+002	-9.2687079999999999E-001
1.2551128507769060E+002	-9.3935860000000004E-001
1.2564108632071751E+002	-9.4643160000000004E-001
1.2577081936740940E+002	-9.4808360000000003E-001
1.2590048798837135E+002	-9.4435440000000004E-001
1.2603009609201473E+002	-9.3531200000000003E-001
1.2615964769951319E+002	-9.2106060000000001E-001
1.2628914694034810E+002	-9.0172660000000004E-001
1.2641859804806514E+002	-8.7745799999999996E-001
1.2654800535314394E+002	-8.4843199999999996E-001
1.2667737327182762E+002	-8.1483000000000005E-001
1.2680670631715205E+002	-7.7684960000000003E-001
1.2693600907557257E+002	-7.3470519999999995E-001
1.2706528621265491E+002	-6.8862380000000001E-001
1.2719454247894062E+002	-6.3884079999999999E-001
1.2732378268450101E+002	-5.8559960000000000E-001
1.2745301171507214E+002	-5.2914879999999997E-001
1.2758223454574970E+002	-4.6973640000000000E-001
1.2771145622305949E+002	-4.0762939999999998E-001
1.2784068187578936E+002	-3.4310439999999998E-001
1.2796991671052407E+002	-2.7644700000000000E-001
1.2809916598775558E+002	-2.0795480000000000E-001
1.2822843503617923E+002	-1.3793871999999999E-001
1.2835772925021234E+002	-6.6728339999999997E-002
1.2848705407298712E+002	5.3273280000000001E-003
1.2861641498506182E+002	7.7863039999999994E-002
1.2874581748438925E+002	1.5049219999999999E-001
1.2887526706732064E+002	2.2281799999999999E-001
1.2900476923400663E+002	2.9441800000000001E-001
1.2913432947224527E+002	3.6486859999999999E-001
1.2926395323068772E+002	4.3372460000000002E-001
1.2939364588486009E+002	5.0054220000000005E-001
1.2952341270248905E+002	5.6487560000000003E-001
1.2965325878703743E+002	6.2628280000000003E-001
1.2978318904596432E+002	6.8433739999999998E-001
1.2991320814622125E+002	7.3863140000000005E-001
1.3004332045069762E+002	7.8875799999999996E-001

 
