time	l
0.0000000000000000E+000	3.2448579999999997E-007
3.4378981079977673E-002	3.6926590000000000E-003
6.8452398723670871E-002	1.1686800000000001E-003
1.0217269834038969E-001	-2.6396939999999999E-004
1.3551597096096407E-001	-6.5287980000000001E-005
1.6846777749104105E-001	4.1092720000000002E-004
2.0110813899753746E-001	8.6170389999999999E-004
2.3350467250259652E-001	1.3287830000000000E-003
2.6571586983731210E-001	1.8094680000000001E-003
2.9779152278805443E-001	2.2228980000000001E-003
3.2977429493396021E-001	2.5380670000000002E-003
3.6170334755780581E-001	2.7696330000000001E-003
3.9361612422538012E-001	2.9861150000000001E-003
4.2554856749783310E-001	3.1597520000000000E-003
4.5753457233328804E-001	3.2562089999999999E-003
4.8960513627548558E-001	3.3095720000000002E-003
5.2178773868141337E-001	3.3149619999999999E-003
5.5410646532365027E-001	3.2813249999999999E-003
5.8658263588698734E-001	3.2221170000000000E-003
6.1918327657595851E-001	3.1304770000000000E-003
6.5185864822781481E-001	3.0072870000000000E-003
6.8462300924967323E-001	2.8718039999999999E-003
7.1744127393217116E-001	2.7292309999999999E-003
7.5023726849290462E-001	2.5855340000000000E-003
7.8301231582278374E-001	2.4163010000000000E-003
8.1577017890476000E-001	2.2240599999999999E-003
8.4851593261198055E-001	2.0245780000000000E-003
8.8125548220260774E-001	1.8302320000000000E-003
9.1399482138818111E-001	1.6529640000000000E-003
9.4673950972321108E-001	1.4855090000000001E-003
9.7949453993985214E-001	1.3239219999999999E-003
1.0122643827136864E+000	1.1666809999999999E-003
1.0450530171627523E+000	1.0128920000000000E-003
1.0778639756248145E+000	8.6658489999999998E-004
1.1107003090288508E+000	7.3628989999999998E-004
1.1435645208073926E+000	6.2744419999999996E-004
1.1764586356902595E+000	5.2881320000000001E-004
1.2093842845947198E+000	4.3862520000000001E-004
1.2423427046248854E+000	3.5855039999999999E-004
1.2753347170057454E+000	2.8649509999999998E-004
1.3083607587001214E+000	2.2367679999999999E-004
1.3414208789787112E+000	1.6847210000000000E-004
1.3745147210532049E+000	1.2110060000000000E-004
1.4076415409195118E+000	8.2908790000000001E-005
1.4408002051740170E+000	5.3408539999999998E-005
1.4739892115845254E+000	3.0479710000000000E-005
1.5072062238389226E+000	1.4024460000000000E-005
1.5404445255242745E+000	4.7676430000000000E-006
1.5737035158704828E+000	2.4429220000000001E-006
1.6069842513151593E+000	4.5215580000000002E-006
1.6402876797063057E+000	8.9196759999999997E-006
1.6736146235147911E+000	1.5301689999999999E-005
1.7069653008363832E+000	2.3549570000000000E-005
1.7403350630802217E+000	3.3149230000000000E-005
1.7737219769268533E+000	4.3559290000000001E-005
1.8071253133959184E+000	5.3662799999999997E-005
1.8405443357633846E+000	6.2955720000000006E-005
1.8739715912077943E+000	7.1546900000000004E-005
1.9073917673634317E+000	7.9948220000000003E-005
1.9408045879555191E+000	8.7071380000000007E-005
1.9742103890960037E+000	9.2554989999999997E-005
2.0076095227805859E+000	9.6018230000000004E-005
2.0410023410793685E+000	9.7217080000000007E-005
2.0743891826225642E+000	9.5473369999999998E-005
2.1077703641863335E+000	9.1279700000000000E-005
2.1411461792005602E+000	8.5357469999999995E-005
2.1745169031319751E+000	7.7463549999999998E-005
2.2078828034591220E+000	6.7127640000000000E-005
2.2412441519799073E+000	5.4342219999999998E-005
2.2746012366924422E+000	3.9778050000000001E-005
2.3079543686994497E+000	2.4297249999999998E-005
2.3413038873896785E+000	8.5910719999999999E-006
2.3746501599635570E+000	-8.1596439999999993E-006
2.4079935774980177E+000	-2.7091890000000000E-005
2.4413345511284423E+000	-4.8196789999999998E-005
2.4746735053093909E+000	-7.0514559999999995E-005
2.5080108668493239E+000	-9.3495870000000005E-005
2.5413469816729419E+000	-1.1720360000000000E-004
2.5746804721692595E+000	-1.4134719999999999E-004
2.6080109493339045E+000	-1.6580880000000001E-004
2.6413387603200844E+000	-1.9084020000000000E-004
2.6746642214534742E+000	-2.1660660000000001E-004
2.7079876179634015E+000	-2.4304270000000000E-004
2.7413092062576236E+000	-2.7066489999999998E-004
2.7746292181862922E+000	-2.9962879999999997E-004
2.8079478660532535E+000	-3.2979150000000002E-004
2.8412653477083993E+000	-3.6005459999999999E-004
2.8745818515485695E+000	-3.9079920000000001E-004
2.9078975613791678E+000	-4.2221529999999998E-004
2.9412126605398234E+000	-4.5375489999999999E-004
2.9745273353508508E+000	-4.8515299999999999E-004
3.0078417781983910E+000	-5.1622129999999997E-004
3.0411561898187820E+000	-5.4712619999999995E-004
3.0744707808521610E+000	-5.7785430000000004E-004
3.1077857725379143E+000	-6.0831549999999996E-004
3.1411013953224902E+000	-6.3848660000000005E-004
3.1744178841658863E+000	-6.6855840000000001E-004
3.2077354779633307E+000	-6.9871989999999997E-004
3.2410544164993138E+000	-7.2908570000000000E-004
3.2743749361799961E+000	-7.5929480000000004E-004
3.3076972667504383E+000	-7.8877310000000003E-004
3.3410216292658586E+000	-8.1874360000000002E-004
3.3743482310762323E+000	-8.4928949999999999E-004
3.4076772581927619E+000	-8.8009929999999996E-004
3.4410088773967513E+000	-9.1105760000000004E-004
3.4743432406784343E+000	-9.4200120000000000E-004
3.5076804867114797E+000	-9.7274630000000002E-004
3.5410207410653025E+000	-1.0034120000000000E-003
3.5743641170841136E+000	-1.0340270000000001E-003
3.6077107177323438E+000	-1.0645900000000000E-003
3.6410606379820805E+000	-1.0950930000000001E-003
3.6744139673214078E+000	-1.1253820000000001E-003
3.7077707920661376E+000	-1.1552970000000000E-003
3.7411311972835710E+000	-1.1848119999999999E-003
3.7744952685879527E+000	-1.2140390000000001E-003
3.8078630953688499E+000	-1.2432949999999999E-003
3.8412347716085367E+000	-1.2725029999999999E-003
3.8746103935464391E+000	-1.3017809999999999E-003
3.9079900603803255E+000	-1.3308879999999999E-003
3.9413738749662124E+000	-1.3596929999999999E-003
3.9747619442864157E+000	-1.3880550000000000E-003
4.0081543796749042E+000	-1.4165009999999999E-003
4.0415512968608134E+000	-1.4452680000000000E-003
4.0749528139874069E+000	-1.4738580000000000E-003
4.1083590520939648E+000	-1.5023009999999999E-003
4.1417701343416944E+000	-1.5305710000000001E-003
4.1751861841481492E+000	-1.5587800000000001E-003
4.2086073235548289E+000	-1.5870109999999999E-003
4.2420336720583780E+000	-1.6150760000000000E-003
4.2754653455406393E+000	-1.6431280000000000E-003
4.3089024551528627E+000	-1.6710329999999999E-003
4.3423451062149798E+000	-1.6988750000000001E-003
4.3757933967149407E+000	-1.7265720000000000E-003
4.4092473701651826E+000	-1.7541320000000000E-003
4.4427070805475326E+000	-1.7815070000000001E-003
4.4761726037825653E+000	-1.8087060000000000E-003
4.5096440088443188E+000	-1.8357420000000000E-003
4.5431213595854185E+000	-1.8625009999999999E-003
4.5766047207265634E+000	-1.8891209999999999E-003
4.6100941510489486E+000	-1.9153239999999999E-003
4.6435897034651745E+000	-1.9408990000000001E-003
4.6770914265961236E+000	-1.9659090000000001E-003
4.7105993650202507E+000	-1.9912780000000000E-003
4.7441135610237666E+000	-2.0171189999999999E-003
4.7776340540439071E+000	-2.0426049999999999E-003
4.8111608813108484E+000	-2.0675460000000000E-003
4.8446940786530961E+000	-2.0920969999999998E-003
4.8782336808951907E+000	-2.1163850000000001E-003
4.9117797226051767E+000	-2.1404480000000001E-003
4.9453322390588905E+000	-2.1642910000000000E-003
4.9788912665167935E+000	-2.1878910000000000E-003
5.0124568418333091E+000	-2.2112519999999999E-003
5.0460290031080772E+000	-2.2343720000000001E-003
5.0796077893139389E+000	-2.2572389999999999E-003
5.1131932401799691E+000	-2.2798490000000000E-003
5.1467853962008148E+000	-2.3022759999999998E-003
5.1803843007170087E+000	-2.3245079999999999E-003
5.2139900024396422E+000	-2.3464979999999998E-003
5.2476025472147514E+000	-2.3681530000000000E-003
5.2812219806265404E+000	-2.3894970000000000E-003
5.3148483479266364E+000	-2.4106940000000001E-003
5.3484794523691743E+000	-2.4316860000000002E-003
5.3821101843563346E+000	-2.4524000000000000E-003
5.4157403924304459E+000	-2.4728469999999998E-003
5.4493701295267396E+000	-2.4930730000000002E-003
5.4829994468582957E+000	-2.5126520000000002E-003
5.5166283921986699E+000	-2.5322840000000001E-003
5.5502570135350071E+000	-2.5519549999999998E-003
5.5838853576104412E+000	-2.5710429999999999E-003
5.6175134689451056E+000	-2.5895730000000000E-003
5.6511413897079708E+000	-2.6078450000000001E-003
5.6847691585789368E+000	-2.6259679999999998E-003
5.7183968112325747E+000	-2.6438630000000002E-003
5.7520243830456268E+000	-2.6614770000000002E-003
5.7856519084869031E+000	-2.6787000000000000E-003
5.8192794190779384E+000	-2.6955339999999999E-003
5.8529069404559904E+000	-2.7119779999999999E-003
5.8865344981710548E+000	-2.7281190000000002E-003
5.9201621133924940E+000	-2.7440709999999998E-003
5.9537897818670338E+000	-2.7597889999999999E-003
5.9874175188365095E+000	-2.7751099999999999E-003
6.0210453447125021E+000	-2.7899679999999999E-003
6.0546732791836142E+000	-2.8043940000000000E-003
6.0883013412250078E+000	-2.8184400000000002E-003
6.1219295492278896E+000	-2.8321950000000000E-003
6.1555579215742569E+000	-2.8453549999999999E-003
6.1891864751145995E+000	-2.8580590000000000E-003
6.2228152265993657E+000	-2.8709209999999998E-003
6.2564441929941186E+000	-2.8836550000000002E-003
6.2900733921456160E+000	-2.8958180000000001E-003
6.3237028429482978E+000	-2.9074520000000000E-003
6.3573325652488073E+000	-2.9186580000000002E-003
6.3909625793802141E+000	-2.9294669999999998E-003
6.4245929059447233E+000	-2.9399119999999998E-003
6.4582235659587672E+000	-2.9500300000000002E-003
6.4918545810420385E+000	-2.9598340000000002E-003
6.5254859735380704E+000	-2.9693100000000002E-003
6.5591177663414673E+000	-2.9784420000000000E-003
6.5927499806991454E+000	-2.9872240000000001E-003
6.6263826385855937E+000	-2.9957100000000000E-003
6.6600157638726385E+000	-3.0038510000000001E-003
6.6936493812618050E+000	-3.0115350000000001E-003
6.7272835161556310E+000	-3.0188789999999999E-003
6.7609181945004186E+000	-3.0259649999999998E-003
6.7945534425640313E+000	-3.0327549999999998E-003
6.8281892867618170E+000	-3.0391939999999998E-003
6.8618257535952560E+000	-3.0452560000000001E-003
6.8954628696194806E+000	-3.0509430000000000E-003
6.9291006611455055E+000	-3.0562730000000000E-003
6.9627391539875481E+000	-3.0612510000000001E-003
6.9963783733986382E+000	-3.0658510000000001E-003
7.0300183440151747E+000	-3.0700390000000001E-003
7.0636590896884242E+000	-3.0737799999999999E-003
7.0973006326422396E+000	-3.0770640000000000E-003
7.1309429932122939E+000	-3.0798580000000000E-003
7.1645861918782590E+000	-3.0819200000000001E-003
7.1982302488348733E+000	-3.0833119999999999E-003
7.2318751833456982E+000	-3.0847530000000000E-003
7.2655210134787520E+000	-3.0865950000000001E-003
7.2991677561825954E+000	-3.0884509999999999E-003
7.3328154275483648E+000	-3.0898169999999999E-003
7.3664640429324626E+000	-3.0905220000000001E-003
7.4001136168635311E+000	-3.0906540000000000E-003
7.4337641629044056E+000	-3.0903480000000001E-003
7.4674156936082934E+000	-3.0896949999999999E-003
7.5010682205849246E+000	-3.0887179999999998E-003
7.5347217546305885E+000	-3.0874140000000001E-003
7.5683763058708600E+000	-3.0857680000000000E-003
7.6020318838656991E+000	-3.0837550000000001E-003
7.6356884976807793E+000	-3.0813630000000002E-003
7.6693461559580740E+000	-3.0785999999999999E-003
7.7030048669075901E+000	-3.0754730000000000E-003
7.7366646377830106E+000	-3.0719829999999999E-003
7.7703254751808117E+000	-3.0681680000000000E-003
7.8039873859477176E+000	-3.0640410000000000E-003
7.8376503771012551E+000	-3.0594880000000000E-003
7.8713144556549794E+000	-3.0544830000000002E-003
7.9049796286849974E+000	-3.0491400000000001E-003
7.9386459034302135E+000	-3.0435219999999999E-003
7.9723132873432503E+000	-3.0375960000000000E-003
8.0059817881069542E+000	-3.0313160000000000E-003
8.0396514136445365E+000	-3.0246729999999999E-003
8.0733221721349917E+000	-3.0176769999999999E-003
8.1069940720262039E+000	-3.0103389999999999E-003
8.1406671220578524E+000	-3.0026549999999999E-003
8.1743413312552811E+000	-2.9945750000000002E-003
8.2080167088567499E+000	-2.9861000000000002E-003
8.2416932642727581E+000	-2.9773080000000001E-003
8.2753710071423807E+000	-2.9682630000000001E-003
8.3090499473976625E+000	-2.9589650000000000E-003
8.3427300952414889E+000	-2.9493789999999998E-003
8.3764114610532463E+000	-2.9394680000000002E-003
8.4100940552512071E+000	-2.9292099999999998E-003
8.4437778879659930E+000	-2.9186090000000000E-003
8.4774629690406638E+000	-2.9077299999999999E-003
8.5111493085733176E+000	-2.8965260000000000E-003
8.5448369168494835E+000	-2.8848550000000000E-003
8.5785258040616306E+000	-2.8727929999999998E-003
8.6122159802097293E+000	-2.8605599999999998E-003
8.6459074551426376E+000	-2.8482130000000000E-003
8.6796002386478897E+000	-2.8356369999999998E-003
8.7132943404433920E+000	-2.8227040000000001E-003
8.7469897700583381E+000	-2.8093480000000001E-003
8.7806865367135529E+000	-2.7956019999999999E-003
8.8143846493229319E+000	-2.7815209999999999E-003
8.8480841165229442E+000	-2.7671560000000002E-003
8.8817849466725391E+000	-2.7525459999999998E-003
8.9154871478222546E+000	-2.7376810000000001E-003
8.9491907276812430E+000	-2.7225320000000002E-003
8.9828956936060962E+000	-2.7070910000000000E-003
9.0166020526082669E+000	-2.6913520000000002E-003
9.0503098113744880E+000	-2.6753279999999998E-003
9.0840189761883980E+000	-2.6590600000000000E-003
9.1177295529137865E+000	-2.6425049999999999E-003
9.1514415471342208E+000	-2.6255779999999999E-003
9.1851549642033010E+000	-2.6083399999999998E-003
9.2188698091574128E+000	-2.5909269999999998E-003
9.2525860866302398E+000	-2.5733790000000002E-003
9.2863038008452552E+000	-2.5556340000000002E-003
9.3200229556633758E+000	-2.5376270000000002E-003
9.3537435546459378E+000	-2.5193170000000001E-003
9.3874656011110265E+000	-2.5007039999999999E-003
9.4211890981652200E+000	-2.4818230000000002E-003
9.4549140486606031E+000	-2.4627099999999999E-003
9.4886404551164247E+000	-2.4433350000000000E-003
9.5223683197694466E+000	-2.4236829999999998E-003
9.5560976447236836E+000	-2.4037970000000001E-003
9.5898284320099449E+000	-2.3836809999999999E-003
9.6235606835370167E+000	-2.3633040000000001E-003
9.6572944011000814E+000	-2.3426850000000002E-003
9.6910295864590843E+000	-2.3218779999999999E-003
9.7247662413928460E+000	-2.3009120000000000E-003
9.7585043676892465E+000	-2.2797790000000000E-003
9.7922439671084494E+000	-2.2584720000000001E-003
9.8259850413526806E+000	-2.2369899999999999E-003
9.8597275920700529E+000	-2.2153400000000001E-003
9.8934716209156335E+000	-2.1935219999999998E-003
9.9272171295670031E+000	-2.1715380000000002E-003
9.9609641197182892E+000	-2.1493929999999999E-003
9.9947125931197736E+000	-2.1270840000000000E-003
1.0028462551612387E+001	-2.1045970000000002E-003
1.0062213997114407E+001	-2.0819290000000002E-003
1.0095966931589334E+001	-2.0590980000000001E-003
1.0129721357023296E+001	-2.0361340000000002E-003
1.0163477275417296E+001	-2.0130529999999999E-003
1.0197234688784391E+001	-1.9898450000000001E-003
1.0230993599144673E+001	-1.9665099999999999E-003
1.0264754008518736E+001	-1.9430340000000000E-003
1.0298515918923915E+001	-1.9194160000000000E-003
1.0332279332374753E+001	-1.8956620000000000E-003
1.0366044250884093E+001	-1.8717759999999999E-003
1.0399810676464234E+001	-1.8477730000000000E-003
1.0433578611121572E+001	-1.8236610000000001E-003
1.0467348056838141E+001	-1.7994409999999999E-003
1.0501119015533993E+001	-1.7751160000000000E-003
1.0534891489015950E+001	-1.7506920000000001E-003
1.0568665478956044E+001	-1.7261760000000001E-003
1.0602440986843288E+001	-1.7015909999999999E-003
1.0636218014059738E+001	-1.6769510000000001E-003
1.0669996561990903E+001	-1.6522049999999999E-003
1.0703776632031389E+001	-1.6273090000000000E-003
1.0737558225524559E+001	-1.6023170000000000E-003
1.0771341343709699E+001	-1.5773149999999999E-003
1.0805125987289047E+001	-1.5523300000000000E-003
1.0838912126332628E+001	-1.5273280000000001E-003
1.0872699743194991E+001	-1.5022639999999999E-003
1.0906488839708189E+001	-1.4771090000000001E-003
1.0940279417601799E+001	-1.4518549999999999E-003
1.0974071478506373E+001	-1.4265120000000000E-003
1.1007865023947613E+001	-1.4010950000000000E-003
1.1041660055333862E+001	-1.3755950000000001E-003
1.1075456573946042E+001	-1.3500039999999999E-003
1.1109254580934470E+001	-1.3243720000000001E-003
1.1143054077331984E+001	-1.2987669999999999E-003
1.1176855063996875E+001	-1.2732250000000000E-003
1.1210657541623529E+001	-1.2477400000000000E-003
1.1244461510870678E+001	-1.2222880000000000E-003
1.1278266972431513E+001	-1.1968390000000001E-003
1.1312073926993637E+001	-1.1713690000000000E-003
1.1345882375158450E+001	-1.1458720000000000E-003
1.1379692317386528E+001	-1.1203669999999999E-003
1.1379692317386528E+001	-1.0948770000000000E-003
1.1413503753991185E+001	-1.0694210000000001E-003
1.1447316685166177E+001	-1.0440009999999999E-003
1.1481131111023785E+001	-1.0186119999999999E-003
1.1514947031626210E+001	-9.9324430000000000E-004
1.1548764447005119E+001	-9.6789480000000002E-004
1.1582583357171746E+001	-9.4256720000000002E-004
1.1616403762121010E+001	-9.1726939999999999E-004
1.1650225661832499E+001	-8.9201099999999995E-004
1.1684049056271034E+001	-8.6680190000000003E-004
1.1717873945388087E+001	-8.4165070000000002E-004
1.1751700329123626E+001	-8.1656529999999999E-004
1.1785528207408115E+001	-7.9155160000000003E-004
1.1819357580165640E+001	-7.6661480000000004E-004
1.1853188447317454E+001	-7.4175900000000004E-004
1.1887020808785701E+001	-7.1698770000000001E-004
1.1920854664496181E+001	-6.9230419999999999E-004
1.1954690014380159E+001	-6.6771180000000003E-004
1.1988526858375355E+001	-6.4321400000000003E-004
1.2022365196426547E+001	-6.1881529999999998E-004
1.2056205028486037E+001	-5.9451869999999996E-004
1.2090046354513715E+001	-5.7032809999999997E-004
1.2123889174476764E+001	-5.4624730000000002E-004
1.2157733488350306E+001	-5.2227899999999995E-004
1.2191579296116771E+001	-4.9842829999999997E-004
1.2225426597761032E+001	-4.7470200000000002E-004
1.2259275393257264E+001	-4.5110680000000000E-004
1.2293125682557939E+001	-4.2764739999999999E-004
1.2326977465586150E+001	-4.0431860000000002E-004
1.2360830742246382E+001	-3.8111720000000000E-004
1.2394685512452394E+001	-3.5805130000000001E-004
1.2428541776136040E+001	-3.3512540000000000E-004
1.2462399533224550E+001	-3.1234370000000000E-004
1.2496258783617471E+001	-2.8972440000000002E-004
1.2530119527185631E+001	-2.6728089999999998E-004
1.2563981763780053E+001	-2.4500450000000001E-004
1.2597845493231628E+001	-2.2287779999999999E-004
1.2631710715339560E+001	-2.0089370000000000E-004
1.2665577429857967E+001	-1.7905800000000001E-004
1.2699445636487699E+001	-1.5738579999999999E-004
1.2733315334874234E+001	-1.3589270000000000E-004
1.2767186524608457E+001	-1.1458730000000000E-004
1.2801059205227894E+001	-9.3472620000000005E-005
1.2834933376215924E+001	-7.2549339999999996E-005
1.2868809036999046E+001	-5.1819230000000002E-005
1.2902686186944505E+001	-3.1280369999999997E-005
1.2936564825363646E+001	-1.0922620000000001E-005
1.2970444951519667E+001	9.2424040000000008E-006
1.3004326564617315E+001	2.9201150000000001E-005
1.3038209663785539E+001	4.8952770000000001E-005
1.3072094248071563E+001	6.8493830000000000E-005
1.3105980316433250E+001	8.7822280000000006E-005
1.3139867867733818E+001	1.0693500000000001E-004
1.3173756900731973E+001	1.2582560000000000E-004
1.3207647414082018E+001	1.4448959999999999E-004
1.3241539406357450E+001	1.6292320000000000E-004
1.3275432876068589E+001	1.8112970000000000E-004
1.3309327821657627E+001	1.9912129999999999E-004
1.3343224241479241E+001	2.1691220000000000E-004
1.3377122133784797E+001	2.3452379999999999E-004
1.3411021496723770E+001	2.5194349999999998E-004
1.3444922328360443E+001	2.6914639999999997E-004
1.3478824626690404E+001	2.8612320000000001E-004
1.3512728389645131E+001	3.0285350000000002E-004
1.3546633615084405E+001	3.1932089999999998E-004
1.3580540300782623E+001	3.3551389999999999E-004
1.3614448444416743E+001	3.5142559999999998E-004
1.3648358043562430E+001	3.6705279999999998E-004
1.3682269095700127E+001	3.8239580000000000E-004
1.3716181598227591E+001	3.9745770000000001E-004
1.3750095548474791E+001	4.1224200000000000E-004
1.3784010943717215E+001	4.2675349999999999E-004
1.3817927781185473E+001	4.4099640000000000E-004
1.3851846058069823E+001	4.5497350000000002E-004
1.3885765771520525E+001	4.6868609999999998E-004
1.3919686918645024E+001	4.8213439999999998E-004
1.3953609496504340E+001	4.9531740000000003E-004
1.3987533502108148E+001	5.0823280000000001E-004
1.4021458932414767E+001	5.2087819999999997E-004
1.4055385784339117E+001	5.3324950000000002E-004
1.4089314054733151E+001	5.4534920000000005E-004
1.4123243740358946E+001	5.5719929999999997E-004
1.4157174837907540E+001	5.6880600000000004E-004
1.4191107344047509E+001	5.8011710000000004E-004
1.4225041255456457E+001	5.9106570000000002E-004
1.4258976568820273E+001	6.0165090000000000E-004
1.4292913280815458E+001	6.1194220000000004E-004
1.4326851388093120E+001	6.2201509999999999E-004
1.4360790873704167E+001	6.3189720000000004E-004
1.4394731705843558E+001	6.4156439999999999E-004
1.4428673880346054E+001	6.5096869999999995E-004
1.4462617393931398E+001	6.6006789999999995E-004
1.4496562243302074E+001	6.6883869999999996E-004
1.4530508425152989E+001	6.7727800000000002E-004
1.4564455936183849E+001	6.8539399999999998E-004
1.4598404773109007E+001	6.9319939999999995E-004
1.4632354932662288E+001	7.0070449999999997E-004
1.4666306411597818E+001	7.0791639999999998E-004
1.4700259206688914E+001	7.1483790000000005E-004
1.4734213314728132E+001	7.2146549999999997E-004
1.4768168732528386E+001	7.2778939999999998E-004
1.4802125456925022E+001	7.3380169999999998E-004
1.4836083484777470E+001	7.3950190000000003E-004
1.4870042812970636E+001	7.4489700000000001E-004
1.4904003438415973E+001	7.4999650000000001E-004
1.4937965358052082E+001	7.5481249999999995E-004
1.4971928568844344E+001	7.5935510000000000E-004
1.5005893067780972E+001	7.6362580000000004E-004
1.5039858851864945E+001	7.6761530000000002E-004
1.5073825918122015E+001	7.7130839999999998E-004
1.5107794263615387E+001	7.7469590000000003E-004
1.5141763885434438E+001	7.7777969999999995E-004
1.5175734780685397E+001	7.8055810000000002E-004
1.5209706946504307E+001	7.8301089999999998E-004
1.5243680380076970E+001	7.8511300000000004E-004
1.5277655078648381E+001	7.8686369999999997E-004
1.5311631039518469E+001	7.8829449999999999E-004
1.5345608260028650E+001	7.8944989999999999E-004
1.5379586737545356E+001	7.9036009999999997E-004
1.5413566469446014E+001	7.9102879999999999E-004
1.5447547453110470E+001	7.9143849999999995E-004
1.5481529685920357E+001	7.9156370000000003E-004
1.5515513165265936E+001	7.9138280000000004E-004
1.5549497888558369E+001	7.9088349999999999E-004
1.5583483853242468E+001	7.9006370000000005E-004
1.5617471056805766E+001	7.8892760000000002E-004
1.5651459496781342E+001	7.8748299999999995E-004
1.5685449170745285E+001	7.8573860000000001E-004
1.5719440076311743E+001	7.8370169999999995E-004
1.5753432211127812E+001	7.8137720000000005E-004
1.5787425572869735E+001	7.7876840000000002E-004
1.5821420159241068E+001	7.7587770000000003E-004
1.5855415967971970E+001	7.7270729999999997E-004
1.5889412996818878E+001	7.6925759999999996E-004
1.5923411243564360E+001	7.6552920000000000E-004
1.5957410706016336E+001	7.6152109999999996E-004
1.5991411382008138E+001	7.5723079999999996E-004
1.6025413269398065E+001	7.5265650000000005E-004
1.6059416366068632E+001	7.4779909999999998E-004
1.6093420669925138E+001	7.4266190000000002E-004
1.6127426178893224E+001	7.3724979999999999E-004
1.6161432890918050E+001	7.3156730000000002E-004
1.6195440803964232E+001	7.2561790000000000E-004
1.6229449916016417E+001	7.1940359999999996E-004
1.6263460225080777E+001	7.1292559999999998E-004
1.6297471729184359E+001	7.0618579999999996E-004
1.6331484426375177E+001	6.9918550000000002E-004
1.6365498314722128E+001	6.9192380000000005E-004
1.6399513392314361E+001	6.8440060000000004E-004
1.6433529657260667E+001	6.7661890000000001E-004
1.6467547107687665E+001	6.6858460000000005E-004
1.6501565741736488E+001	6.6030289999999996E-004
1.6535585557559912E+001	6.5177650000000002E-004
1.6569606553320540E+001	6.4300559999999997E-004
1.6603628727191769E+001	6.3398869999999996E-004
1.6637652077360404E+001	6.2472470000000003E-004
1.6671676602029365E+001	6.1521530000000000E-004
1.6705702299419674E+001	6.0546359999999997E-004
1.6739729167770186E+001	5.9547270000000002E-004
1.6773757205335780E+001	5.8524680000000004E-004
1.6807786410384487E+001	5.7479009999999997E-004
1.6841816781194133E+001	5.6410830000000001E-004
1.6875848316049808E+001	5.5320819999999998E-004
1.6909881013243176E+001	5.4209470000000004E-004
1.6943914871072074E+001	5.3076580000000005E-004
1.6977949887838953E+001	5.1921189999999998E-004
1.7011986061850379E+001	5.0742240000000002E-004
1.7011986061850379E+001	4.9539159999999996E-004
1.7046023391418590E+001	4.8311850000000000E-004
1.7080061874864658E+001	4.7060430000000000E-004
1.7114101510519017E+001	4.5785189999999999E-004
1.7148142296720568E+001	4.4486660000000002E-004
1.7182184231815523E+001	4.3165759999999999E-004
1.7216227314157059E+001	4.1823640000000003E-004
1.7250271542106624E+001	4.0461620000000002E-004
1.7284316914034282E+001	3.9080920000000001E-004
1.7318363428317234E+001	3.7682530000000001E-004
1.7352411083335706E+001	3.6267430000000000E-004
1.7386459877468763E+001	3.4836930000000001E-004
1.7420509809092248E+001	3.3392380000000002E-004
1.7454560876579137E+001	3.1934779999999999E-004
1.7488613078300517E+001	3.0464229999999998E-004
1.7522666412626371E+001	2.8980139999999999E-004
1.7556720877929465E+001	2.7481590000000001E-004
1.7590776472592321E+001	2.5967770000000001E-004
1.7624833195015245E+001	2.4438200000000002E-004
1.7658891043620720E+001	2.2892790000000001E-004
1.7692950016851153E+001	2.1331719999999999E-004
1.7727010113161860E+001	1.9755340000000000E-004
1.7761071331012200E+001	1.8164099999999999E-004
1.7795133668859496E+001	1.6558499999999999E-004
1.7829197125156274E+001	1.4939000000000000E-004
1.7863261698350538E+001	1.3306040000000000E-004
1.7897327386888012E+001	1.1660040000000000E-004
1.7931394189214917E+001	1.0001310000000000E-004
1.7965462103781412E+001	8.3301959999999993E-005
1.7999531129043334E+001	6.6475449999999994E-005
1.8033601263464359E+001	4.9548890000000002E-005
1.8067672505516725E+001	3.2534640000000001E-005
1.8101744853679598E+001	1.5428230000000001E-005
1.8135818306435795E+001	-1.7949059999999999E-006
1.8169892862268050E+001	-1.9158969999999999E-005
1.8203968519654708E+001	-3.6667050000000003E-005
1.8238045277067002E+001	-5.4297459999999997E-005
1.8272123132972258E+001	-7.2017359999999997E-005
1.8306202085838521E+001	-8.9801420000000005E-005
1.8340282134135993E+001	-1.0764230000000000E-004
1.8374363276337512E+001	-1.2554370000000001E-004
1.8408445510919449E+001	-1.4351009999999999E-004
1.8442528836362001E+001	-1.6154259999999999E-004
1.8476613251147572E+001	-1.7963870000000000E-004
1.8510698753759005E+001	-1.9779420000000001E-004
1.8544785342677915E+001	-2.1600640000000001E-004
1.8578873016382360E+001	-2.3427470000000000E-004
1.8612961773341805E+001	-2.5260039999999999E-004
1.8647051612013762E+001	-2.7098520000000002E-004
1.8681142530843410E+001	-2.8942790000000001E-004
1.8715234528267697E+001	-3.0792290000000001E-004
1.8749327602720879E+001	-3.2646120000000002E-004
1.8783421752638628E+001	-3.4503040000000000E-004
1.8817516976458396E+001	-3.6361700000000000E-004
1.8851613272615321E+001	-3.8221030000000001E-004
1.8885710639536754E+001	-4.0080399999999999E-004
1.8919809075637474E+001	-4.1939739999999998E-004
1.8953908579318114E+001	-4.3799319999999998E-004
1.8988009148965219E+001	-4.5659530000000001E-004
1.9022110782951710E+001	-4.7520560000000002E-004
1.9056213479637684E+001	-4.9382250000000005E-004
1.9090317237369462E+001	-5.1244180000000004E-004
1.9124422054479197E+001	-5.3105739999999995E-004
1.9158527929283508E+001	-5.4966330000000003E-004
1.9192634860082780E+001	-5.6825669999999997E-004
1.9226742845159727E+001	-5.8683670000000000E-004
1.9260851882778116E+001	-6.0540059999999996E-004
1.9294961971181326E+001	-6.2394060000000001E-004
1.9329073108591885E+001	-6.4244569999999997E-004
1.9363185293211838E+001	-6.6090639999999998E-004
1.9397298523223125E+001	-6.7931879999999999E-004
1.9431412796786379E+001	-6.9768380000000000E-004
1.9465528112037152E+001	-7.1600349999999995E-004
1.9499644467081264E+001	-7.3428120000000000E-004
1.9533761859990555E+001	-7.5252160000000002E-004
1.9567880288802911E+001	-7.7072890000000002E-004
1.9601999751526183E+001	-7.8890370000000000E-004
1.9636120246143008E+001	-8.0704020000000004E-004
1.9670241770611423E+001	-8.2512750000000000E-004
1.9704364322861153E+001	-8.4315110000000003E-004
1.9738487900786840E+001	-8.6109670000000002E-004
1.9772612502242431E+001	-8.7895119999999995E-004
1.9806738125039629E+001	-8.9670410000000005E-004
1.9840864766950418E+001	-9.1434790000000001E-004
1.9874992425711703E+001	-9.3187949999999999E-004
1.9909121099028368E+001	-9.4929849999999996E-004
1.9943250784577078E+001	-9.6660419999999999E-004
1.9977381480012181E+001	-9.8379439999999999E-004
2.0011513182966269E+001	-1.0008689999999999E-003
2.0045645891043687E+001	-1.0178320000000000E-003
2.0079779601814202E+001	-1.0346909999999999E-003
2.0113914312812181E+001	-1.0514490000000001E-003
2.0148050021540524E+001	-1.0680970000000001E-003
2.0182186718031197E+001	-1.0846250000000001E-003
2.0216324363463247E+001	-1.1010200000000001E-003
2.0250462950200696E+001	-1.1172770000000001E-003
2.0284602475392447E+001	-1.1333940000000000E-003
2.0318742936178886E+001	-1.1493720000000001E-003
2.0352884329688393E+001	-1.1652150000000000E-003
2.0387026653032692E+001	-1.1809240000000001E-003
2.0421169903303099E+001	-1.1964980000000000E-003
2.0455314077567678E+001	-1.2119340000000000E-003
2.0489459172871989E+001	-1.2272290000000000E-003
2.0523605186241763E+001	-1.2423759999999999E-003

 
