t	C_D
9.7740568099751804E-003	1.2977584000000000E+001
1.9404074956086374E-002	2.1215579999999999E+001
2.8975138110609668E-002	1.8248726000000001E+001
3.8525965267595774E-002	1.7162552000000002E+001
4.8056981594732158E-002	1.6873166000000001E+001
5.7587566830824145E-002	1.6451438000000000E+001
6.7114672978848586E-002	1.5912946000000000E+001
7.6649236506602714E-002	1.5382994000000000E+001
8.6187311738406464E-002	1.4864682000000000E+001
9.5734961835305540E-002	1.4348364000000000E+001
1.0528991400798579E-001	1.3840932000000000E+001
1.1485482920186482E-001	1.3346498000000000E+001
1.2442916001397561E-001	1.2863134000000001E+001
1.3401228426372330E-001	1.2389530000000001E+001
1.4360427250890881E-001	1.1926190000000000E+001
1.5320507463135266E-001	1.1474468000000000E+001
1.6281332570550405E-001	1.1035650000000000E+001
1.7242951408212165E-001	1.0610478000000001E+001
1.8205287779441520E-001	1.0199211999999999E+001
1.9168256596611569E-001	9.8021619999999992E+000
2.0131897670276605E-001	9.4196340000000003E+000
2.1096137355252778E-001	9.0517059999999994E+000
2.2060944648794334E-001	8.6982999999999997E+000
2.3026300180247691E-001	8.3592320000000004E+000
2.3992166383245409E-001	8.0343160000000005E+000
2.4958546282443456E-001	7.7233400000000003E+000
2.5925396862422723E-001	7.4260159999999997E+000
2.6892674393595356E-001	7.1420139999999996E+000
2.7860414483683754E-001	6.8709819999999997E+000
2.8828569166803841E-001	6.6125499999999997E+000
2.9797099824425072E-001	6.3663699999999999E+000
3.0766029632390790E-001	6.1320699999999997E+000
3.1735330954645907E-001	5.9092479999999998E+000
3.2704980634623354E-001	5.6975160000000002E+000
3.3674964941597907E-001	5.4965020000000004E+000
3.4645282925911680E-001	5.3058280000000000E+000
3.5615925437372581E-001	5.1251239999999996E+000
3.6586864455617546E-001	4.9540179999999996E+000
3.7558088808360651E-001	4.7921560000000003E+000
3.8529619198838660E-001	4.6391879999999999E+000
3.9501425292192227E-001	4.4947660000000003E+000
4.0473477512754125E-001	4.3585560000000001E+000
4.1445852550773188E-001	4.2302340000000003E+000
4.2418411182168136E-001	4.1094660000000003E+000
4.3391291023476364E-001	3.9959560000000001E+000
4.4364377240594371E-001	3.8893819999999999E+000
4.5337736835912079E-001	3.7894619999999999E+000
4.6311388680807464E-001	3.6958980000000001E+000
4.7285088985103635E-001	3.6084079999999998E+000
4.8259027084829109E-001	3.5267360000000001E+000
4.9233325197769956E-001	3.4506000000000001E+000
5.0207783997391098E-001	3.3797320000000002E+000
5.1182476353106987E-001	3.3138899999999998E+000
5.2157493505025887E-001	3.2528260000000002E+000
5.3132742983137837E-001	3.1962940000000000E+000
5.4107919321064957E-001	3.1440640000000002E+000
5.5083189630961615E-001	3.0959260000000000E+000
5.6058710067230144E-001	3.0516519999999998E+000
5.7034501329508613E-001	3.0110180000000000E+000
5.8010318039535902E-001	2.9738240000000000E+000
5.8986306628032437E-001	2.9398759999999999E+000
5.9962562392296004E-001	2.9089760000000000E+000
6.0939083669702576E-001	2.8809300000000002E+000
6.1915858561508919E-001	2.8555579999999998E+000
6.2892872649949660E-001	2.8326880000000001E+000
6.3869837054254230E-001	2.8121540000000000E+000
6.4846739496392414E-001	2.7938060000000000E+000
6.5823743774648336E-001	2.7774920000000001E+000
6.6800964377775407E-001	2.7630599999999998E+000
6.7778423843850077E-001	2.7503620000000000E+000
6.8755825740687249E-001	2.7392500000000002E+000
6.9733007399920188E-001	2.7295820000000002E+000
7.0710214417169504E-001	2.7212299999999998E+000
7.1687626885439037E-001	2.7140719999999998E+000
7.2665294273089565E-001	2.7080120000000001E+000
7.3643205485910124E-001	2.7029660000000000E+000
7.4621346187372140E-001	2.6988699999999999E+000
7.5599703436185750E-001	2.6956479999999998E+000
7.6578263464094021E-001	2.6932239999999998E+000
7.7557016494673559E-001	2.6915019999999998E+000
7.8535857331030479E-001	2.6903779999999999E+000
7.9514598764509437E-001	2.6897340000000001E+000
8.0493351695406090E-001	2.6894580000000001E+000
8.1472225955493138E-001	2.6894580000000001E+000
8.2451279968907654E-001	2.6896640000000001E+000
8.3430511919145833E-001	2.6900480000000000E+000
8.4409915021253745E-001	2.6905999999999999E+000
8.5389220374914587E-001	2.6913339999999999E+000
8.6368126817617230E-001	2.6922560000000000E+000
8.7346814799253691E-001	2.6933699999999998E+000
8.8325461929248594E-001	2.6946659999999998E+000
8.9304223987660292E-001	2.6961360000000001E+000
9.0283191376672445E-001	2.6977639999999998E+000
9.1262372458532737E-001	2.6995279999999999E+000
9.2241758754093661E-001	2.7013859999999998E+000
9.3221338773305795E-001	2.7032799999999999E+000
9.4201103479674120E-001	2.7051159999999999E+000
9.5181040739634915E-001	2.7067899999999998E+000
9.6161137535921559E-001	2.7081979999999999E+000
9.7141375990080725E-001	2.7092679999999998E+000
9.8121747036094709E-001	2.7099720000000000E+000
9.9102266219550061E-001	2.7103459999999999E+000
1.0008291504603541E+000	2.7104780000000002E+000
1.0106351895540773E+000	2.7104780000000002E+000
1.0204413509015475E+000	2.7104560000000002E+000
1.0302483476818349E+000	2.7104900000000001E+000
1.0400566071971584E+000	2.7105999999999999E+000
1.0498661308295674E+000	2.7107660000000000E+000
1.0596768877640776E+000	2.7109320000000001E+000
1.0694888471109976E+000	2.7110360000000000E+000
1.0793019379614963E+000	2.7110360000000000E+000
1.0891149282220407E+000	2.7109340000000000E+000
1.0989240533491442E+000	2.7107720000000000E+000
1.1087299895423368E+000	2.7106240000000001E+000
1.1185338317257263E+000	2.7105679999999999E+000
1.1283366727233797E+000	2.7106580000000000E+000
1.1381395602653008E+000	2.7108979999999998E+000
1.1479434359844847E+000	2.7112300000000000E+000
1.1577488051174556E+000	2.7115320000000001E+000
1.1675557392930156E+000	2.7116440000000002E+000
1.1773642047417525E+000	2.7113920000000000E+000
1.1871741383289982E+000	2.7106319999999999E+000
1.1969854794608870E+000	2.7092719999999999E+000
1.2067981044322114E+000	2.7073040000000002E+000
1.2166118822297014E+000	2.7048000000000001E+000
1.2264269716138454E+000	2.7019199999999999E+000
1.2362438167678804E+000	2.6988699999999999E+000
1.2460626228473368E+000	2.6958739999999999E+000
1.2558839217393662E+000	2.6931419999999999E+000
1.2657081579037870E+000	2.6908240000000001E+000
1.2755345050171338E+000	2.6889959999999999E+000
1.2853597322333972E+000	2.6876380000000002E+000
1.2951840563824091E+000	2.6866520000000000E+000
1.3050079436169910E+000	2.6858780000000002E+000
1.3148318438858693E+000	2.6851200000000000E+000
1.3246561842781877E+000	2.6841940000000002E+000
1.3344812984463696E+000	2.6829480000000001E+000
1.3443072540441818E+000	2.6813020000000001E+000
1.3541340540958209E+000	2.6792460000000000E+000
1.3639616328809443E+000	2.6768559999999999E+000
1.3737899233343926E+000	2.6742720000000002E+000
1.3836189239845946E+000	2.6716720000000000E+000
1.3934486705507609E+000	2.6692480000000001E+000
1.4032792581512767E+000	2.6671719999999999E+000
1.4131102574382008E+000	2.6655660000000001E+000
1.4229383298547158E+000	2.6644880000000000E+000
1.4327634845869681E+000	2.6639119999999998E+000
1.4425862966324889E+000	2.6637439999999999E+000
1.4524073636544046E+000	2.6638240000000000E+000
1.4622272937843512E+000	2.6639439999999999E+000
1.4720466932303138E+000	2.6638880000000000E+000
1.4818661476774766E+000	2.6634440000000001E+000
1.4916862039995165E+000	2.6624300000000001E+000
1.5015072385973522E+000	2.6607240000000001E+000
1.5113293265961618E+000	2.6582680000000001E+000
1.5211524018979377E+000	2.6550760000000002E+000
1.5309764616510795E+000	2.6512280000000001E+000
1.5408015048242234E+000	2.6468720000000001E+000
1.5506275085687375E+000	2.6421960000000002E+000
1.5604546948432425E+000	2.6374200000000001E+000
1.5702833583375391E+000	2.6327660000000002E+000
1.5801137016102873E+000	2.6284480000000001E+000
1.5899460859498273E+000	2.6246499999999999E+000
1.5997808277566754E+000	2.6215060000000001E+000
1.6096181943952612E+000	2.6190959999999999E+000
1.6194584027755647E+000	2.6174400000000002E+000
1.6293016181039650E+000	2.6164960000000002E+000
1.6391465938557821E+000	2.6161620000000001E+000
1.6489901710398271E+000	2.6162939999999999E+000
1.6588324426083179E+000	2.6167080000000000E+000
1.6686736603628796E+000	2.6172040000000001E+000
1.6785140798961093E+000	2.6175799999999998E+000
1.6883539575990891E+000	2.6176499999999998E+000
1.6981935478077872E+000	2.6172559999999998E+000
1.7080331001215399E+000	2.6162839999999998E+000
1.7178728569218458E+000	2.6146699999999998E+000
1.7277130326027688E+000	2.6124060000000000E+000
1.7375537395392402E+000	2.6095359999999999E+000
1.7473949997183960E+000	2.6061640000000001E+000
1.7572367181680417E+000	2.6024319999999999E+000
1.7670788508421122E+000	2.5985160000000000E+000
1.7769214263916084E+000	2.5946140000000000E+000
1.7867645521652291E+000	2.5909200000000001E+000
1.7966084297608729E+000	2.5876280000000000E+000
1.8064532522789618E+000	2.5848939999999998E+000
1.8162991978576437E+000	2.5828440000000001E+000
1.8261464284695650E+000	2.5815500000000000E+000
1.8359944819688441E+000	2.5810300000000002E+000
1.8458403175190556E+000	2.5812439999999999E+000
1.8556836758003568E+000	2.5821000000000001E+000
1.8655248305075742E+000	2.5834540000000001E+000
1.8753640755150691E+000	2.5851199999999999E+000
1.8852017209637568E+000	2.5868940000000000E+000
1.8950380892479712E+000	2.5885500000000001E+000
1.9048735109819077E+000	2.5898720000000002E+000
1.9147083209946034E+000	2.5906539999999998E+000
1.9245428543979912E+000	2.5907279999999999E+000
1.9343774421815978E+000	2.5899640000000002E+000
1.9442124053482093E+000	2.5882800000000001E+000
1.9540480438632979E+000	2.5856499999999998E+000
1.9638843416734588E+000	2.5821079999999998E+000
1.9737212404559894E+000	2.5777380000000001E+000
1.9835588021266859E+000	2.5726719999999998E+000
1.9933970878711471E+000	2.5670880000000000E+000
2.0032362124133947E+000	2.5611899999999999E+000
2.0130764299902286E+000	2.5551979999999999E+000
2.0229179141067761E+000	2.5493440000000001E+000
2.0327608170514044E+000	2.5438459999999998E+000
2.0426053537962758E+000	2.5389059999999999E+000
2.0524517174828927E+000	2.5346959999999998E+000
2.0623000116037926E+000	2.5313439999999998E+000
2.0721488802265573E+000	2.5289400000000000E+000
2.0819977403824126E+000	2.5275200000000000E+000
2.0918465986762649E+000	2.5270679999999999E+000
2.1016954623747743E+000	2.5275200000000000E+000
2.1115443390820539E+000	2.5287700000000002E+000
2.1213932364171542E+000	2.5306700000000002E+000
2.1312421617053308E+000	2.5330420000000000E+000
2.1410911216931976E+000	2.5356879999999999E+000
2.1509401222960070E+000	2.5384020000000000E+000
2.1607891683834177E+000	2.5409780000000000E+000
2.1706382636083230E+000	2.5432180000000000E+000
2.1804874102812493E+000	2.5449480000000002E+000
2.1903366092913124E+000	2.5460240000000001E+000
2.2001858600737321E+000	2.5463339999999999E+000
2.2100351606236037E+000	2.5458059999999998E+000
2.2198845075549580E+000	2.5444140000000002E+000
2.2297338962029332E+000	2.5421719999999999E+000
2.2395833207657421E+000	2.5391379999999999E+000
2.2494327744820528E+000	2.5354060000000000E+000
2.2592822498388347E+000	2.5311020000000002E+000
2.2691317388038081E+000	2.5263779999999998E+000
2.2789812330759216E+000	2.5214059999999998E+000
2.2888307243463060E+000	2.5163660000000001E+000
2.2986802045613257E+000	2.5114380000000001E+000
2.3085296661788268E+000	2.5068020000000000E+000
2.3183791024083304E+000	2.5026160000000002E+000
2.3282285074263696E+000	2.4990199999999998E+000
2.3380778765588124E+000	2.4961280000000001E+000
2.3479272064232597E+000	2.4940180000000001E+000
2.3577764950264690E+000	2.4927419999999998E+000
2.3676257418138031E+000	2.4923080000000000E+000
2.3774749476701573E+000	2.4926900000000001E+000
2.3873241148741169E+000	2.4938340000000001E+000
2.3971732470088987E+000	2.4956459999999998E+000
2.4070223488353757E+000	2.4980099999999998E+000
2.4168714261335653E+000	2.5007860000000002E+000
2.4267204855199629E+000	2.5038239999999998E+000
2.4365695342484734E+000	2.5069539999999999E+000
2.4464185800025824E+000	2.5100120000000001E+000
2.4562675207626401E+000	2.5128320000000000E+000
2.4661158322470325E+000	2.5152619999999999E+000
2.4759636053364935E+000	2.5171579999999998E+000
2.4858110307463219E+000	2.5184039999999999E+000
2.4956582995791274E+000	2.5189080000000001E+000
2.5055056018244635E+000	2.5185979999999999E+000
2.5153531248721648E+000	2.5174400000000001E+000
2.5252010503829574E+000	2.5154239999999999E+000
2.5350495104329993E+000	2.5125739999999999E+000
2.5448983720528395E+000	2.5089399999999999E+000
2.5547476556088418E+000	2.5045959999999998E+000
2.5645971684972904E+000	2.4996459999999998E+000
2.5744467393916564E+000	2.4942039999999999E+000
2.5842963666978758E+000	2.4884059999999999E+000
2.5941460479231093E+000	2.4823979999999999E+000
2.6039957797669748E+000	2.4763259999999998E+000
2.6138455582297522E+000	2.4703379999999999E+000
2.6236953787343613E+000	2.4645820000000001E+000
2.6335452362581311E+000	2.4591880000000002E+000
2.6433951254702008E+000	2.4542799999999998E+000
2.6532450408702322E+000	2.4499659999999999E+000
2.6630949769244663E+000	2.4463279999999998E+000
2.6729449281954660E+000	2.4434320000000000E+000
2.6827948894622127E+000	2.4413179999999999E+000
2.6926448558275760E+000	2.4400040000000001E+000
2.7024948228107193E+000	2.4394819999999999E+000
2.7123447864229062E+000	2.4397240000000000E+000
2.7221947432261806E+000	2.4406800000000000E+000
2.7320446903752060E+000	2.4422760000000001E+000
2.7418946256430967E+000	2.4444279999999998E+000
2.7517445474323514E+000	2.4470320000000001E+000
2.7615944547721347E+000	2.4499759999999999E+000
2.7714443473031087E+000	2.4531399999999999E+000
2.7812942252513779E+000	2.4564020000000002E+000
2.7911440893932076E+000	2.4596420000000001E+000
2.8009939410121225E+000	2.4627379999999999E+000
2.8108437818495182E+000	2.4655800000000001E+000
2.8206936140495675E+000	2.4680640000000000E+000
2.8305434400984755E+000	2.4701040000000001E+000
2.8403932627581758E+000	2.4716239999999998E+000
2.8502430849954732E+000	2.4725640000000002E+000
2.8600929099085364E+000	2.4728859999999999E+000
2.8699427406525695E+000	2.4725679999999999E+000
2.8797925803657836E+000	2.4716040000000001E+000
2.8896424320959508E+000	2.4700080000000000E+000
2.8994922987278580E+000	2.4678119999999999E+000
2.9093421829126789E+000	2.4650620000000001E+000
2.9191920870008703E+000	2.4618199999999999E+000
2.9290420129803381E+000	2.4581559999999998E+000
2.9388919624214318E+000	2.4541539999999999E+000
2.9487419364300540E+000	2.4499019999999998E+000
2.9585919356101011E+000	2.4454959999999999E+000
2.9684419600364071E+000	2.4410340000000001E+000
2.9782920092390692E+000	2.4366099999999999E+000
2.9881420821995968E+000	2.4323220000000001E+000
2.9979921773591580E+000	2.4282539999999999E+000
3.0078422926388830E+000	2.4244919999999999E+000
3.0176924254722719E+000	2.4211079999999998E+000
3.0275425728495189E+000	2.4181640000000000E+000
3.0373927313734383E+000	2.4157099999999998E+000
3.0472428973258343E+000	2.4137840000000002E+000
3.0570930667428859E+000	2.4124080000000001E+000
3.0669432354977526E+000	2.4115959999999999E+000
3.0767933993887353E+000	2.4113400000000000E+000
3.0866435542313506E+000	2.4116240000000002E+000
3.0964936959528537E+000	2.4124180000000002E+000
3.1063438206876475E+000	2.4136780000000000E+000
3.1161939248720438E+000	2.4153539999999998E+000
3.1260440053365612E+000	2.4173800000000001E+000
3.1358940593939111E+000	2.4196840000000002E+000
3.1457440849208540E+000	2.4221940000000002E+000
3.1555940804320857E+000	2.4248240000000001E+000
3.1654440451444583E+000	2.4274960000000001E+000
3.1752939790298673E+000	2.4301219999999999E+000
3.1851438828554111E+000	2.4326240000000001E+000
3.1949937582093217E+000	2.4349240000000001E+000
3.2048436075113438E+000	2.4369440000000000E+000
3.2146934340060387E+000	2.4386199999999998E+000
3.2245432417380009E+000	2.4398939999999998E+000
3.2343930355093096E+000	2.4407139999999998E+000
3.2442428208201646E+000	2.4410419999999999E+000
3.2540926037938731E+000	2.4408500000000002E+000
3.2639423910867755E+000	2.4401180000000000E+000
3.2737921897838396E+000	2.4388420000000002E+000
3.2836420072810544E+000	2.4370259999999999E+000
3.2934918511561548E+000	2.4346899999999998E+000
3.3033417290301332E+000	2.4318580000000001E+000
3.3131916484224329E+000	2.4285679999999998E+000
3.3230416166034038E+000	2.4248680000000000E+000
3.3328916404475626E+000	2.4208120000000002E+000
3.3427417262910382E+000	2.4164620000000001E+000
3.3525918797963894E+000	2.4118860000000000E+000
3.3624421058278933E+000	2.4071539999999998E+000
3.3722924083400470E+000	2.4023379999999999E+000
3.3821427902817205E+000	2.3975140000000001E+000
3.3919932535182071E+000	2.3927540000000000E+000
3.4018437987732715E+000	2.3881340000000000E+000
3.4116944255929513E+000	2.3837220000000001E+000
3.4215451323318811E+000	2.3795799999999998E+000
3.4313959161621397E+000	2.3757679999999999E+000
3.4412467731040359E+000	2.3723380000000001E+000
3.4510976980777421E+000	2.3693360000000001E+000
3.4609486849747819E+000	2.3667940000000001E+000
3.4707997267482478E+000	2.3647420000000001E+000
3.4806508155203648E+000	2.3631980000000001E+000
3.4905019427056723E+000	2.3621680000000000E+000
3.5003530991475529E+000	2.3616519999999999E+000
3.5102042752655627E+000	2.3616400000000000E+000
3.5200554612108461E+000	2.3621140000000000E+000
3.5299066470267144E+000	2.3630439999999999E+000
3.5397578228116844E+000	2.3643999999999998E+000
3.5496089788821452E+000	2.3661360000000000E+000
3.5594601059320032E+000	2.3682080000000001E+000
3.5693111951867240E+000	2.3705620000000001E+000
3.5791622385489932E+000	2.3731420000000001E+000
3.5890132287336041E+000	2.3758879999999998E+000
3.5988641593892958E+000	2.3787379999999998E+000
3.6087150252056803E+000	2.3816340000000000E+000
3.6185658220034589E+000	2.3845120000000000E+000
3.6284165468062262E+000	2.3873139999999999E+000
3.6382671978922163E+000	2.3899800000000000E+000
3.6481177748246814E+000	2.3924599999999998E+000
3.6579682784596472E+000	2.3947020000000001E+000
3.6678187109304714E+000	2.3966599999999998E+000
3.6776690756092276E+000	2.3982980000000000E+000
3.6875193770463985E+000	2.3995820000000001E+000
3.6973696208908318E+000	2.4004840000000001E+000
3.7072198137918733E+000	2.4009860000000001E+000
3.7170699632848976E+000	2.4010739999999999E+000
3.7269200776617226E+000	2.4007420000000002E+000
3.7367701658277284E+000	2.3999920000000001E+000
3.7466202371481594E+000	2.3988320000000001E+000
3.7564703012866869E+000	2.3972780000000000E+000
3.7663203680394055E+000	2.3953479999999998E+000
3.7761704471674622E+000	2.3930699999999998E+000
3.7860205482315212E+000	2.3904779999999999E+000
3.7958706804310838E+000	2.3876059999999999E+000
3.8057208524514747E+000	2.3844959999999999E+000
3.8155710723211471E+000	2.3811920000000000E+000
3.8254213472814609E+000	2.3777400000000002E+000
3.8352716836709373E+000	2.3741859999999999E+000
3.8451220868259335E+000	2.3705799999999999E+000
3.8549725609994052E+000	2.3669720000000001E+000
3.8648231092990377E+000	2.3634100000000000E+000
3.8746737336453028E+000	2.3599380000000001E+000
3.8845244347494718E+000	2.3566039999999999E+000
3.8943752121113260E+000	2.3534480000000002E+000
3.8943752121113260E+000	2.3505099999999999E+000
3.9042260640360174E+000	2.3491339999999998E+000
3.9140769876694987E+000	2.3465840000000000E+000
3.9239279790518005E+000	2.3443299999999998E+000
3.9337790331873106E+000	2.3423919999999998E+000
3.9436301441309514E+000	2.3407900000000001E+000
3.9534813050889817E+000	2.3395340000000000E+000
3.9633325085327420E+000	2.3386300000000002E+000
3.9731837463235649E+000	2.3380800000000002E+000
3.9830350098466423E+000	2.3378779999999999E+000
3.9928862901518598E+000	2.3380139999999998E+000
4.0027375780992323E+000	2.3384740000000002E+000
4.0125888645067702E+000	2.3392379999999999E+000
4.0224401402985128E+000	2.3402780000000001E+000
4.0322913966504945E+000	2.3415699999999999E+000
4.0421426251325068E+000	2.3430800000000001E+000
4.0519938178437087E+000	2.3447719999999999E+000
4.0618449675401633E+000	2.3466100000000001E+000
4.0716960677524181E+000	2.3485540000000000E+000
4.0815471128914407E+000	2.3505639999999999E+000
4.0913980983411689E+000	2.3525980000000000E+000
4.1012490205362813E+000	2.3546160000000000E+000
4.1110998770237730E+000	2.3565760000000000E+000
4.1209506665073015E+000	2.3584399999999999E+000
4.1308013888735777E+000	2.3601700000000001E+000
4.1406520452004045E+000	2.3617300000000001E+000
4.1505026377461265E+000	2.3630860000000000E+000
4.1603531699206311E+000	2.3642099999999999E+000
4.1702036462380931E+000	2.3650760000000002E+000
4.1800540722526058E+000	2.3656619999999999E+000
4.1899044544778850E+000	2.3659460000000001E+000
4.1997548002929088E+000	2.3659200000000000E+000
4.2096051178351406E+000	2.3655680000000001E+000
4.2194554158828854E+000	2.3648899999999999E+000
4.2293057037283299E+000	2.3638840000000001E+000
4.2391559910427539E+000	2.3625560000000001E+000
4.2490062877358978E+000	2.3609100000000001E+000
4.2588566038116555E+000	2.3589660000000001E+000
4.2687069492223797E+000	2.3567360000000002E+000
4.2785573337242813E+000	2.3542420000000002E+000
4.2884077667360962E+000	2.3515100000000002E+000
4.2982582572032904E+000	2.3485659999999999E+000
4.3081088134698398E+000	2.3454419999999998E+000
4.3179594431593467E+000	2.3421699999999999E+000
4.3278101530671238E+000	2.3387859999999998E+000
4.3376609490646310E+000	2.3353240000000000E+000
4.3475118360173282E+000	2.3318219999999998E+000
4.3573628177167212E+000	2.3283179999999999E+000
4.3672138968272787E+000	2.3248500000000001E+000
4.3770650748486641E+000	2.3214540000000001E+000
4.3869163520936105E+000	2.3181660000000002E+000
4.3967677276815591E+000	2.3150179999999998E+000
4.4066191995482482E+000	2.3120460000000000E+000
4.4164707644709136E+000	2.3092779999999999E+000
4.4263224181088292E+000	2.3067400000000000E+000
4.4361741550585245E+000	2.3044579999999999E+000
4.4460259689227621E+000	2.3024499999999999E+000
4.4558778523922653E+000	2.3007360000000001E+000
4.4657297973388612E+000	2.2993280000000000E+000
4.4755817949185710E+000	2.2982320000000001E+000
4.4854338356833026E+000	2.2974579999999998E+000
4.4952859096995468E+000	2.2970039999999998E+000
4.5051380066725724E+000	2.2968679999999999E+000
4.5149901160744541E+000	2.2970440000000001E+000
4.5248422272744060E+000	2.2975200000000000E+000
4.5346943296697528E+000	2.2982840000000002E+000
4.5445464128158664E+000	2.2993160000000001E+000
4.5543984665535620E+000	2.3005979999999999E+000
4.5642504811322002E+000	2.3021060000000002E+000
4.5741024473269762E+000	2.3038140000000000E+000
4.5839543565488521E+000	2.3056960000000002E+000
4.5938062009458775E+000	2.3077200000000002E+000
4.6036579734947694E+000	2.3098580000000002E+000
4.6135096680816625E+000	2.3120780000000001E+000
4.6233612795710846E+000	2.3143460000000000E+000
4.6332128038624774E+000	2.3166319999999998E+000
4.6430642379335509E+000	2.3189039999999999E+000
4.6529155798698714E+000	2.3211279999999999E+000
4.6627668288803408E+000	2.3232780000000002E+000
4.6726179852984098E+000	2.3253219999999999E+000
4.6824690505692779E+000	2.3272339999999998E+000
4.6923200272235732E+000	2.3289900000000001E+000
4.7021709188378891E+000	2.3305639999999999E+000
4.7120217299827871E+000	2.3319380000000001E+000
4.7218724661589535E+000	2.3330920000000002E+000
4.7317231337226717E+000	2.3340120000000000E+000
4.7415737398019164E+000	2.3346840000000002E+000
4.7514242922044714E+000	2.3351000000000002E+000
4.7612747993192386E+000	2.3352520000000001E+000
4.7711252700121802E+000	2.3351380000000002E+000
4.7809757135179938E+000	2.3347560000000001E+000
4.7908261393287752E+000	2.3341080000000001E+000
4.8006765570810019E+000	2.3332000000000002E+000
4.8105269764421354E+000	2.3320400000000001E+000
4.8203774069983645E+000	2.3306399999999998E+000
4.8302278581447808E+000	2.3290120000000001E+000
4.8400783389794269E+000	2.3271700000000002E+000
4.8499288582023556E+000	2.3251339999999998E+000
4.8597794240209504E+000	2.3229220000000002E+000
4.8696300440625109E+000	2.3205540000000000E+000
4.8794807252951511E+000	2.3180559999999999E+000
4.8893314739574150E+000	2.3154499999999998E+000
4.8991822954973712E+000	2.3127599999999999E+000
4.9090331945213341E+000	2.3100120000000000E+000
4.9188841747527938E+000	2.3072319999999999E+000
4.9287352390017016E+000	2.3044460000000000E+000
4.9385863891443380E+000	2.3016779999999999E+000
4.9484376261137859E+000	2.2989540000000002E+000
4.9582889499009752E+000	2.2962980000000002E+000
4.9681403595661502E+000	2.2937360000000000E+000
4.9779918532606011E+000	2.2912859999999999E+000
4.9878434282582447E+000	2.2889699999999999E+000
4.9976950809965146E+000	2.2868100000000000E+000
5.0075468071260971E+000	2.2848180000000000E+000
5.0173986015686536E+000	2.2830119999999998E+000
5.0272504585818769E+000	2.2814040000000002E+000
5.0371023718311196E+000	2.2800060000000002E+000
5.0469543344666432E+000	2.2788219999999999E+000
5.0568063392057052E+000	2.2778619999999998E+000
5.0666583784183601E+000	2.2771240000000001E+000
5.0765104442161677E+000	2.2766139999999999E+000
5.0863625285427680E+000	2.2763239999999998E+000
5.0962146232653600E+000	2.2762540000000002E+000
5.1060667202662042E+000	2.2763960000000001E+000
5.1159188115329979E+000	2.2767379999999999E+000
5.1257708892473692E+000	2.2772720000000000E+000
5.1356229458703915E+000	2.2779820000000002E+000
5.1454749742243440E+000	2.2788560000000002E+000
5.1553269675698123E+000	2.2798720000000001E+000
5.1651789196774267E+000	2.2810180000000000E+000
5.1750308248933621E+000	2.2822680000000002E+000
5.1848826781980204E+000	2.2836080000000001E+000
5.1947344752572002E+000	2.2850100000000002E+000
5.2045862124653235E+000	2.2864580000000001E+000
5.2144378869803480E+000	2.2879280000000000E+000
5.2242894967500728E+000	2.2893979999999998E+000
5.2341410405296385E+000	2.2908480000000000E+000
5.2439925178900060E+000	2.2922539999999998E+000
5.2538439292172248E+000	2.2935960000000000E+000
5.2636952757025552E+000	2.2948580000000001E+000
5.2735465593236244E+000	2.2960180000000001E+000
5.2833977828171372E+000	2.2970619999999999E+000
5.2932489496435915E+000	2.2979699999999998E+000
5.3031000639445587E+000	2.2987340000000001E+000
5.3129511304930119E+000	2.2993359999999998E+000
5.3228021546372117E+000	2.2997700000000001E+000
5.3326531422387706E+000	2.3000259999999999E+000
5.3425040996055628E+000	2.3000959999999999E+000
5.3523550334203325E+000	2.2999779999999999E+000
5.3622059506658584E+000	2.2996680000000000E+000
5.3720568585476611E+000	2.2991660000000000E+000
5.3819077644150575E+000	2.2984740000000001E+000
5.3917586756815181E+000	2.2975940000000001E+000
5.4016095997450861E+000	2.2965320000000000E+000
5.4114605439097625E+000	2.2952960000000000E+000
5.4213115153086404E+000	2.2938939999999999E+000
5.4311625208295480E+000	2.2923380000000000E+000
5.4410135670439104E+000	2.2906380000000000E+000
5.4508646601394553E+000	2.2888080000000000E+000
5.4607158058575669E+000	2.2868620000000002E+000
5.4705670094358014E+000	2.2848160000000002E+000
5.4804182755562341E+000	2.2826860000000000E+000
5.4902696083000473E+000	2.2804899999999999E+000
5.5001210111086589E+000	2.2782460000000002E+000
5.5099724867518001E+000	2.2759719999999999E+000
5.5198240373025742E+000	2.2736860000000001E+000
5.5296756641198277E+000	2.2714040000000000E+000
5.5395273678378558E+000	2.2691499999999998E+000
5.5493791483635642E+000	2.2669359999999998E+000
5.5592310048809335E+000	2.2647840000000001E+000
5.5690829358627765E+000	2.2627079999999999E+000
5.5789349390894598E+000	2.2607240000000002E+000
5.5887870116743601E+000	2.2588499999999998E+000
5.5986391500957069E+000	2.2570980000000000E+000
5.6084913502343712E+000	2.2554820000000002E+000
5.6183436074172324E+000	2.2540119999999999E+000
5.6281959164656064E+000	2.2526999999999999E+000
5.6380482717482625E+000	2.2515520000000002E+000
5.6479006672383267E+000	2.2505780000000000E+000
5.6577530965735257E+000	2.2497820000000002E+000
5.6676055531191922E+000	2.2491680000000001E+000
5.6774580300333621E+000	2.2487379999999999E+000
5.6873105203333525E+000	2.2484899999999999E+000
5.6971630169631879E+000	2.2484259999999998E+000
5.7070155128612141E+000	2.2485400000000002E+000
5.7168680010272128E+000	2.2488280000000000E+000
5.7267204745884221E+000	2.2492839999999998E+000
5.7365729268637686E+000	2.2498999999999998E+000
5.7464253514258061E+000	2.2506640000000000E+000
5.7562777421597042E+000	2.2515660000000000E+000
5.7661300933187478E+000	2.2525940000000002E+000
5.7759823995758879E+000	2.2537360000000000E+000
5.7858346560708496E+000	2.2549739999999998E+000
5.7956868584523162E+000	2.2562959999999999E+000
5.8055390029149647E+000	2.2576839999999998E+000
5.8153910862308518E+000	2.2591220000000001E+000
5.8252431057750673E+000	2.2605940000000002E+000
5.8350950595454361E+000	2.2620819999999999E+000
5.8449469461761536E+000	2.2635700000000001E+000
5.8547987649452775E+000	2.2650399999999999E+000
5.8646505157760549E+000	2.2664740000000001E+000
5.8745021992319177E+000	2.2678600000000002E+000
5.8843538165052820E+000	2.2691800000000000E+000
5.8942053694002183E+000	2.2704200000000001E+000
5.9040568603093382E+000	2.2715660000000000E+000
5.9139082921852957E+000	2.2726060000000001E+000
5.9237596685073424E+000	2.2735280000000002E+000
5.9336109932433603E+000	2.2743220000000002E+000
5.9434622708076956E+000	2.2749779999999999E+000
5.9533135060152089E+000	2.2754919999999998E+000
5.9631647040319837E+000	2.2758560000000001E+000
5.9730158703231737E+000	2.2760680000000000E+000
5.9828670105984854E+000	2.2761200000000001E+000
5.9927181307559856E+000	2.2760159999999998E+000
6.0025692368247219E+000	2.2757540000000001E+000
6.0124203349068361E+000	2.2753359999999998E+000
6.0222714311197549E+000	2.2747639999999998E+000
6.0321225315390086E+000	2.2740440000000000E+000
6.0419736421422039E+000	2.2731819999999998E+000
6.0518247687546749E+000	2.2721860000000000E+000
6.0616759169973573E+000	2.2710599999999999E+000
6.0715270922373064E+000	2.2698179999999999E+000
6.0813782995414734E+000	2.2684679999999999E+000
6.0912295436340322E+000	2.2670200000000000E+000
6.1010808288576177E+000	2.2654860000000001E+000
6.1109321591387937E+000	2.2638799999999999E+000
6.1207835379580793E+000	2.2622119999999999E+000
6.1306349683247232E+000	2.2604959999999998E+000
6.1404864527564449E+000	2.2587459999999999E+000
6.1503379932641273E+000	2.2569720000000002E+000
6.1601895913417390E+000	2.2551899999999998E+000
6.1700412479612874E+000	2.2534100000000001E+000
6.1798929635730193E+000	2.2516460000000000E+000
6.1897447381106643E+000	2.2499080000000000E+000
6.1995965710016012E+000	2.2482099999999998E+000
6.2094484611817791E+000	2.2465619999999999E+000
6.2193004071151430E+000	2.2449720000000002E+000
6.2291524068174136E+000	2.2434500000000002E+000
6.2390044578837509E+000	2.2420059999999999E+000
6.2488565575200914E+000	2.2406459999999999E+000
6.2587087025776142E+000	2.2393779999999999E+000
6.2685608895901304E+000	2.2382040000000001E+000
6.2784131148138256E+000	2.2371319999999999E+000
6.2882653742690593E+000	2.2361659999999999E+000
6.2981176637837013E+000	2.2353040000000002E+000
6.3079699790376829E+000	2.2345519999999999E+000
6.3178223156081206E+000	2.2339080000000000E+000
6.3276746690147103E+000	2.2333720000000001E+000
6.3375270347648875E+000	2.2329439999999998E+000
6.3473794083982868E+000	2.2326180000000000E+000
6.3572317855301348E+000	2.2323940000000002E+000
6.3670841618931551E+000	2.2322660000000001E+000
6.3769365333775863E+000	2.2322280000000001E+000
6.3867888960689712E+000	2.2322780000000000E+000
6.3966412462833775E+000	2.2324060000000001E+000
6.4064935805997356E+000	2.2326079999999999E+000
6.4163458958890045E+000	2.2328760000000001E+000
6.4261981893399724E+000	2.2332000000000001E+000
6.4360504584813949E+000	2.2335739999999999E+000
6.4459027012004642E+000	2.2339899999999999E+000
6.4557549157572724E+000	2.2344400000000002E+000
6.4656071007953528E+000	2.2349120000000000E+000
6.4754592553481150E+000	2.2354020000000001E+000
6.4853113788413044E+000	2.2358980000000002E+000
6.4951634710914261E+000	2.2363940000000002E+000
6.5050155323002468E+000	2.2368820000000000E+000
6.5148675630454402E+000	2.2373520000000000E+000
6.5247195642675573E+000	2.2377980000000002E+000
6.5345715372533641E+000	2.2382140000000001E+000
6.5444234836159305E+000	2.2385940000000000E+000
6.5542754052715226E+000	2.2389299999999999E+000
6.5641273044136197E+000	2.2392200000000000E+000
6.5739791834844308E+000	2.2394560000000001E+000
6.5838310451441000E+000	2.2396379999999998E+000
6.5936828922380872E+000	2.2397580000000001E+000
6.6035347277629928E+000	2.2398199999999999E+000
6.6133865548312132E+000	2.2398159999999998E+000
6.6232383766348351E+000	2.2397499999999999E+000
6.6330901964090110E+000	2.2396199999999999E+000
6.6429420173952769E+000	2.2394259999999999E+000
6.6527938428051172E+000	2.2391719999999999E+000
6.6626456757841765E+000	2.2388560000000002E+000
6.6724975193774654E+000	2.2384840000000001E+000
6.6823493764958988E+000	2.2380580000000001E+000
6.6922012498845076E+000	2.2375820000000002E+000
6.7020531420927068E+000	2.2370600000000000E+000
6.7119050554468025E+000	2.2364980000000001E+000
6.7217569920251039E+000	2.2359019999999998E+000
6.7316089536357699E+000	2.2352740000000000E+000
6.7414609417976328E+000	2.2346240000000002E+000
6.7513129577242141E+000	2.2339560000000001E+000
6.7611650023109675E+000	2.2332779999999999E+000
6.7710170761260162E+000	2.2325940000000002E+000
6.7808691794044105E+000	2.2319100000000001E+000
6.7907213120460099E+000	2.2312340000000002E+000
6.8005734736169332E+000	2.2305739999999998E+000
6.8104256633545850E+000	2.2299319999999998E+000
6.8202778801761790E+000	2.2293140000000000E+000
6.8301301226906430E+000	2.2287279999999998E+000
6.8399823892137919E+000	2.2281759999999999E+000
6.8498346777865766E+000	2.2276660000000001E+000
6.8596869861962624E+000	2.2271980000000000E+000
6.8695393120002395E+000	2.2267760000000001E+000
6.8793916525523402E+000	2.2264040000000000E+000
6.8892440050312329E+000	2.2260819999999999E+000
6.8990963664708289E+000	2.2258140000000002E+000
6.9089487337921813E+000	2.2256000000000000E+000
6.9188011038366852E+000	2.2254399999999999E+000
6.9286534734001517E+000	2.2253319999999999E+000
6.9385058392674770E+000	2.2252779999999999E+000
6.9483581982475053E+000	2.2252719999999999E+000
6.9582105472077460E+000	2.2253120000000002E+000
6.9680628831086384E+000	2.2253980000000002E+000
6.9779152030369263E+000	2.2255219999999998E+000
6.9877675042379241E+000	2.2256840000000002E+000
6.9976197841462939E+000	2.2258740000000001E+000
7.0074720404149948E+000	2.2260920000000000E+000
7.0173242709421597E+000	2.2263280000000001E+000
7.0271764738956009E+000	2.2265779999999999E+000
7.0370286477346973E+000	2.2268360000000000E+000
7.0468807912294631E+000	2.2270940000000001E+000
7.0567329034766324E+000	2.2273440000000000E+000
7.0665849839125228E+000	2.2275820000000000E+000
7.0764370323226453E+000	2.2278020000000001E+000
7.0862890488478829E+000	2.2279939999999998E+000
7.0961410339871778E+000	2.2281520000000001E+000
7.1059929885966575E+000	2.2282700000000002E+000
7.1158449138852626E+000	2.2283439999999999E+000
7.1256968114067512E+000	2.2283659999999998E+000
7.1355486830482739E+000	2.2283300000000001E+000
7.1454005310155795E+000	2.2282340000000000E+000
7.1552523578149376E+000	2.2280720000000001E+000
7.1651041662320454E+000	2.2278400000000000E+000
7.1749559593080043E+000	2.2275360000000002E+000
7.1848077403125910E+000	2.2271580000000002E+000
7.1946595127150346E+000	2.2267039999999998E+000
7.2045112801525555E+000	2.2261700000000002E+000
7.2143630463969197E+000	2.2255620000000000E+000
7.2242148153193106E+000	2.2248760000000001E+000
7.2340665908537236E+000	2.2241140000000001E+000
7.2439183769592592E+000	2.2232820000000002E+000
7.2537701775815862E+000	2.2223780000000000E+000
7.2636219966138569E+000	2.2214100000000001E+000
7.2734738378573818E+000	2.2203819999999999E+000
7.2833257049824205E+000	2.2192980000000002E+000
7.2931776014892531E+000	2.2181639999999998E+000
7.3030295306700008E+000	2.2169900000000000E+000
7.3128814955714248E+000	2.2157800000000001E+000
7.3227334989590549E+000	2.2145440000000001E+000
7.3325855432829412E+000	2.2132900000000002E+000
7.3424376306452137E+000	2.2120280000000001E+000
7.3522897627697370E+000	2.2107679999999998E+000
7.3621419409740145E+000	2.2095180000000001E+000
7.3719941661436401E+000	2.2082920000000001E+000
7.3818464387095037E+000	2.2070959999999999E+000
7.3916987586279435E+000	2.2059460000000000E+000
7.4015511252362636E+000	2.2048480000000001E+000
7.4114035351220222E+000	2.2038160000000002E+000
7.4212559858909106E+000	2.2028599999999998E+000
7.4311084755530405E+000	2.2019920000000002E+000
7.4409610016118313E+000	2.2012200000000002E+000
7.4508135610635691E+000	2.2005580000000000E+000
7.4606661504004217E+000	2.2000120000000001E+000
7.4705187656169603E+000	2.1995939999999998E+000
7.4803714022201779E+000	2.1993140000000002E+000
7.4902240552429209E+000	2.1991779999999999E+000
7.5000767192607105E+000	2.1991980000000000E+000
7.5099293884119271E+000	2.1993779999999998E+000
7.5197820564210458E+000	2.1997260000000001E+000
7.5296347166251474E+000	2.2002480000000002E+000
7.5394873620031841E+000	2.2009479999999999E+000
7.5493399852081771E+000	2.2018320000000000E+000
7.5591925786019507E+000	2.2029040000000002E+000
7.5690451342923080E+000	2.2041659999999998E+000
7.5788976441724385E+000	2.2056200000000001E+000
7.5887500999622572E+000	2.2072639999999999E+000
7.5986024932515566E+000	2.2091020000000001E+000
7.6084548155445910E+000	2.2111280000000000E+000
7.6183070583058816E+000	2.2133440000000002E+000
7.6281592130069482E+000	2.2157439999999999E+000
7.6380112711736681E+000	2.2183240000000000E+000
7.6478632244340607E+000	2.2210800000000002E+000
7.6577150645661423E+000	2.2240039999999999E+000
7.6675667835456185E+000	2.2270900000000000E+000
7.6774183735930945E+000	2.2303280000000001E+000
7.6872698272206392E+000	2.2337099999999999E+000
7.6971211372772919E+000	2.2372260000000002E+000
7.7069722969934515E+000	2.2408640000000002E+000
7.7168233000236190E+000	2.2446120000000001E+000
7.7266741404873214E+000	2.2484579999999998E+000
7.7365248130077315E+000	2.2523900000000001E+000
7.7463753127478521E+000	2.2563900000000001E+000
7.7562256354440882E+000	2.2604479999999998E+000
7.7660757774371820E+000	2.2645439999999999E+000
7.7759257357002793E+000	2.2686679999999999E+000
7.7857755078638640E+000	2.2728000000000002E+000
7.7956250922372714E+000	2.2769260000000000E+000
7.8054744878265989E+000	2.2810280000000001E+000
7.8153236940176374E+000	2.2850880000000000E+000
7.8251727100619819E+000	2.2890940000000000E+000
7.8350215371753418E+000	2.2930240000000000E+000
7.8448701774521927E+000	2.2968639999999998E+000
7.8547186337404291E+000	2.3005960000000001E+000
7.8645669096378352E+000	2.3042060000000002E+000
7.8744150094841210E+000	2.3076780000000001E+000
7.8842629383486313E+000	2.3109940000000000E+000
7.8941107020139931E+000	2.3141379999999998E+000
7.9039583069562793E+000	2.3170999999999999E+000
7.9138057603217264E+000	2.3198639999999999E+000
7.9236530699001841E+000	2.3224160000000000E+000
7.9335002440953106E+000	2.3247439999999999E+000
7.9433472918919428E+000	2.3268380000000000E+000
7.9531942228208923E+000	2.3286859999999998E+000
7.9630410465316430E+000	2.3302779999999998E+000
7.9728877717990372E+000	2.3316040000000000E+000
7.9827344091041121E+000	2.3326600000000002E+000
7.9925809694873138E+000	2.3334340000000000E+000
8.0024274643386413E+000	2.3339259999999999E+000
8.0122739053534797E+000	2.3341280000000002E+000
8.0221203044872436E+000	2.3340380000000001E+000
8.0319666739091158E+000	2.3336519999999998E+000
8.0418130259551255E+000	2.3329700000000000E+000
8.0516593730808825E+000	2.3319920000000001E+000
8.0615057278141808E+000	2.3307180000000001E+000
8.0713521027078414E+000	2.3291520000000001E+000
8.0811985102929071E+000	2.3272940000000002E+000
8.0910449630326156E+000	2.3251499999999998E+000
8.1008914732771995E+000	2.3227280000000001E+000
8.1107380532198423E+000	2.3200300000000000E+000
8.1205847148538304E+000	2.3170639999999998E+000
8.1304314699310094E+000	2.3138420000000002E+000
8.1402783299216583E+000	2.3103680000000000E+000
8.1501253059760792E+000	2.3066559999999998E+000
8.1599724088879562E+000	2.3027160000000002E+000
8.1698196490597699E+000	2.2985560000000000E+000
8.1796670364701942E+000	2.2941919999999998E+000
8.1895145806438361E+000	2.2896339999999999E+000
8.1993622906236592E+000	2.2848959999999998E+000
8.2092101749465325E+000	2.2799920000000000E+000
8.2190582416216902E+000	2.2749340000000000E+000
8.2289064981119644E+000	2.2697400000000001E+000
8.2387549513173770E+000	2.2644220000000002E+000
8.2486036075605060E+000	2.2589959999999998E+000
8.2584524725739747E+000	2.2534760000000000E+000
8.2683015514899481E+000	2.2478799999999999E+000
8.2781508488320572E+000	2.2422200000000001E+000
8.2880003685096639E+000	2.2365119999999998E+000
8.2978501138147909E+000	2.2307720000000000E+000
8.3077000874216260E+000	2.2250160000000001E+000
8.3175502913886046E+000	2.2192560000000001E+000
8.3274007271630524E+000	2.2135080000000000E+000
8.3372513955880532E+000	2.2077879999999999E+000
8.3471022969115687E+000	2.2021080000000000E+000
8.3569534307973790E+000	2.1964820000000000E+000
8.3668047963377106E+000	2.1909220000000000E+000
8.3766563920675008E+000	2.1854439999999999E+000
8.3865082159800046E+000	2.1800560000000000E+000
8.3963602655437217E+000	2.1747740000000002E+000
8.4062125377206609E+000	2.1696080000000002E+000
8.4160650289858054E+000	2.1645660000000002E+000
8.4259177353477721E+000	2.1596620000000000E+000
8.4357706523706426E+000	2.1549019999999999E+000
8.4456237751966672E+000	2.1502979999999998E+000
8.4554770985698209E+000	2.1458560000000002E+000
8.4653306168600633E+000	2.1415839999999999E+000
8.4751843240881115E+000	2.1374879999999998E+000
8.4850382139505687E+000	2.1335739999999999E+000
8.4948922798453808E+000	2.1298499999999998E+000
8.5047465148975210E+000	2.1263200000000002E+000
8.5146009119847381E+000	2.1229860000000000E+000
8.5244554637633048E+000	2.1198540000000001E+000
8.5343101626937674E+000	2.1169240000000000E+000
8.5441650010664443E+000	2.1142020000000001E+000
8.5540199710267810E+000	2.1116860000000002E+000
8.5638750646002393E+000	2.1093780000000000E+000
8.5737302737169454E+000	2.1072799999999998E+000
8.5835855902357938E+000	2.1053899999999999E+000
8.5934410059681579E+000	2.1037059999999999E+000
8.6032965127009433E+000	2.1022300000000000E+000
8.6131521022190203E+000	2.1009560000000000E+000
8.6230077663271789E+000	2.0998860000000001E+000
8.6328634968711508E+000	2.0990120000000001E+000
8.6427192857579502E+000	2.0983339999999999E+000
8.6525751249754563E+000	2.0978479999999999E+000
8.6624310066110617E+000	2.0975480000000002E+000
8.6722869228695512E+000	2.0974320000000000E+000
8.6821428660900555E+000	2.0974919999999999E+000
8.6919988287621450E+000	2.0977239999999999E+000
8.7018548016413000E+000	2.0981220000000000E+000
8.7117107741938984E+000	2.0986820000000002E+000
8.7215667394729159E+000	2.0993940000000002E+000
8.7314226908173076E+000	2.1002559999999999E+000
8.7412786217936773E+000	2.1012580000000001E+000
8.7511345262063376E+000	2.1023939999999999E+000
8.7609903981063795E+000	2.1036579999999998E+000
8.7708462317997888E+000	2.1050420000000001E+000
8.7807020218544878E+000	2.1065380000000000E+000
8.7905577631064613E+000	2.1081400000000001E+000
8.8004134506648608E+000	2.1098420000000000E+000
8.8102690799163650E+000	2.1116340000000000E+000
8.8201246465285141E+000	2.1135100000000002E+000
8.8299801464523711E+000	2.1154639999999998E+000
8.8398355759243543E+000	2.1174860000000000E+000
8.8496909314670518E+000	2.1195700000000000E+000
8.8595462098890163E+000	2.1217100000000002E+000
8.8694014082835650E+000	2.1238980000000001E+000
8.8792565240265624E+000	2.1261280000000000E+000
8.8891115547733417E+000	2.1283900000000000E+000
8.8989664984550849E+000	2.1306820000000002E+000
8.9088213532745932E+000	2.1329940000000001E+000
8.9186761177016169E+000	2.1353219999999999E+000
8.9285307904674394E+000	2.1376599999999999E+000
8.9383853705588017E+000	2.1400000000000001E+000
8.9482398572110338E+000	2.1423380000000001E+000
8.9580942499005634E+000	2.1446679999999998E+000
8.9679485483367234E+000	2.1469860000000001E+000
8.9778027524532504E+000	2.1492840000000002E+000
8.9876568623993744E+000	2.1515620000000002E+000
8.9975108785305515E+000	2.1538119999999998E+000
9.0073648013989160E+000	2.1560320000000002E+000
9.0172186317434910E+000	2.1582159999999999E+000
9.0270723704800062E+000	2.1603599999999998E+000
9.0369260186905631E+000	2.1624639999999999E+000
9.0467795776132469E+000	2.1645219999999998E+000
9.0566330486315536E+000	2.1665320000000001E+000
9.0664864332638331E+000	2.1684920000000001E+000
9.0763397331527518E+000	2.1703980000000000E+000
9.0861929500546736E+000	2.1722500000000000E+000
9.0960460858292222E+000	2.1740439999999999E+000
9.1058991424288536E+000	2.1757780000000002E+000
9.1157521218885513E+000	2.1774540000000000E+000
9.1256050263158262E+000	2.1790680000000000E+000
9.1354578578809154E+000	2.1806179999999999E+000
9.1453106188072848E+000	2.1821079999999999E+000
9.1551633113625481E+000	2.1835320000000000E+000
9.1650159378496951E+000	2.1848920000000001E+000
9.1748685005987713E+000	2.1861899999999999E+000
9.1847210019590761E+000	2.1874220000000002E+000
9.1945734442915867E+000	2.1885900000000000E+000
9.2044258299620072E+000	2.1896939999999998E+000
9.2142781613340716E+000	2.1907359999999998E+000
9.2241304407635116E+000	2.1917140000000002E+000
9.2339826705922921E+000	2.1926320000000001E+000
9.2438348531433956E+000	2.1934860000000000E+000
9.2536869907161368E+000	2.1942819999999998E+000
9.2635390855817832E+000	2.1950180000000001E+000
9.2733911399797648E+000	2.1956959999999999E+000
9.2832431561142368E+000	2.1963180000000002E+000
9.2930951361511767E+000	2.1968839999999998E+000
9.3029470822157538E+000	2.1973940000000001E+000
9.3127989963902014E+000	2.1978520000000001E+000
9.3226508807119846E+000	2.1982599999999999E+000
9.3325027371724243E+000	2.1986159999999999E+000
9.3423545677155282E+000	2.1989239999999999E+000
9.3522063742371753E+000	2.1991860000000001E+000
9.3620581585845404E+000	2.1993999999999998E+000
9.3719099225558580E+000	2.1995719999999999E+000
9.3817616679002764E+000	2.1997019999999998E+000
9.3916133963180322E+000	2.1997900000000001E+000
9.4014651094606023E+000	2.1998400000000000E+000
9.4113168081434679E+000	2.1998500000000001E+000
9.4211684925069754E+000	2.1998259999999998E+000
9.4310201640836713E+000	2.1997659999999999E+000
9.4408718243913956E+000	2.1996739999999999E+000
9.4507234749022349E+000	2.1995499999999999E+000
9.4605751170431276E+000	2.1993960000000001E+000
9.4704267521963246E+000	2.1992140000000000E+000
9.4704267521963246E+000	2.1990040000000000E+000
9.4802783816999501E+000	2.1988900000000000E+000
9.4901300068484780E+000	2.1986420000000000E+000
9.4999816288932877E+000	2.1983720000000000E+000
9.5098332490430373E+000	2.1980780000000002E+000
9.5196848684640969E+000	2.1977639999999998E+000
9.5295364882809093E+000	2.1974300000000002E+000
9.5393881095762385E+000	2.1970779999999999E+000
9.5492397333914880E+000	2.1967099999999999E+000
9.5590913607267858E+000	2.1963260000000000E+000
9.5689429925412419E+000	2.1959260000000000E+000
9.5787946297528670E+000	2.1955140000000002E+000
9.5886462732386661E+000	2.1950880000000002E+000
9.5984979238345254E+000	2.1946539999999999E+000
9.6083495823351459E+000	2.1942080000000002E+000
9.6182012494938842E+000	2.1937540000000002E+000
9.6280529260225034E+000	2.1932900000000002E+000
9.6379046125910861E+000	2.1928220000000000E+000
9.6477563098277592E+000	2.1923460000000001E+000
9.6576080183185375E+000	2.1918660000000001E+000
9.6674597386071444E+000	2.1913819999999999E+000
9.6773114711949226E+000	2.1908960000000000E+000
9.6871632165407178E+000	2.1904080000000001E+000
9.6970149750608687E+000	2.1899160000000002E+000
9.7068667471292738E+000	2.1894260000000001E+000
9.7167185330775308E+000	2.1889340000000002E+000
9.7265703331951290E+000	2.1884440000000001E+000
9.7364221477297548E+000	2.1879559999999998E+000
9.7462739768877391E+000	2.1874699999999998E+000
9.7561258208345709E+000	2.1869879999999999E+000
9.7659776796955455E+000	2.1865079999999999E+000
9.7758295535565853E+000	2.1860320000000000E+000
9.7856814424651173E+000	2.1855620000000000E+000
9.7955333464311245E+000	2.1850960000000001E+000
9.8053852654283542E+000	2.1846359999999998E+000
9.8152371993956340E+000	2.1841819999999998E+000
9.8250891482382823E+000	2.1837339999999998E+000
9.8349411118296679E+000	2.1832940000000001E+000
9.8447930900129119E+000	2.1828599999999998E+000
9.8546450826025751E+000	2.1824319999999999E+000
9.8644970893866244E+000	2.1820140000000001E+000
9.8743491101283301E+000	2.1816019999999998E+000
9.8842011445683884E+000	2.1811980000000002E+000
9.8940531924270640E+000	2.1808019999999999E+000
9.9039052534062488E+000	2.1804139999999999E+000
9.9137573271918118E+000	2.1800359999999999E+000
9.9236094134557522E+000	2.1796639999999998E+000
9.9334615118584946E+000	2.1793000000000000E+000
9.9433136220510896E+000	2.1789459999999998E+000
9.9531657436774363E+000	2.1785999999999999E+000
9.9630178763764974E+000	2.1782599999999999E+000
9.9728700197843558E+000	2.1779299999999999E+000
9.9827221735363629E+000	2.1776059999999999E+000
9.9925743372690174E+000	2.1772900000000002E+000
1.0002426510621914E+001	2.1769820000000002E+000
1.0012278693239441E+001	2.1766800000000002E+000
1.0022130884772496E+001	2.1763880000000002E+000
1.0031983084879911E+001	2.1760999999999999E+000
1.0041835293229877E+001	2.1758199999999999E+000
1.0051687509501145E+001	2.1755460000000002E+000
1.0061539733384064E+001	2.1752780000000000E+000
1.0071391964581467E+001	2.1750159999999998E+000
1.0081244202809403E+001	2.1747580000000002E+000
1.0091096447797689E+001	2.1745079999999999E+000
1.0100948699290306E+001	2.1742620000000001E+000
1.0110800957045580E+001	2.1740219999999999E+000
1.0120653220836255E+001	2.1737860000000002E+000
1.0130505490449375E+001	2.1735540000000002E+000
1.0140357765686026E+001	2.1733259999999999E+000
1.0150210046360908E+001	2.1731039999999999E+000
1.0160062332301804E+001	2.1728839999999998E+000
1.0169914623348870E+001	2.1726700000000001E+000
1.0179766919353888E+001	2.1724579999999998E+000
1.0189619220179368E+001	2.1722480000000002E+000
1.0199471525697511E+001	2.1720440000000001E+000
1.0209323835789215E+001	2.1718419999999998E+000
1.0219176150342914E+001	2.1716440000000001E+000
1.0229028469253445E+001	2.1714479999999998E+000
1.0238880792420890E+001	2.1712560000000001E+000
1.0248733119749311E+001	2.1710660000000002E+000
1.0258585451145565E+001	2.1708799999999999E+000
1.0268437786518177E+001	2.1706960000000000E+000
1.0278290125776135E+001	2.1705139999999998E+000
1.0288142468827832E+001	2.1703359999999998E+000
1.0297994815580024E+001	2.1701619999999999E+000
1.0307847165936836E+001	2.1699880000000000E+000
1.0317699519798930E+001	2.1698200000000001E+000
1.0327551877062701E+001	2.1696520000000001E+000
1.0337404237619584E+001	2.1694900000000001E+000
1.0347256601355548E+001	2.1693280000000001E+000
1.0357108968150550E+001	2.1691720000000001E+000
1.0366961337878314E+001	2.1690179999999999E+000
1.0376813710406038E+001	2.1688660000000000E+000
1.0386666085594410E+001	2.1687180000000001E+000
1.0396518463297619E+001	2.1685740000000000E+000
1.0406370843363550E+001	2.1684320000000001E+000
1.0416223225634059E+001	2.1682939999999999E+000
1.0426075609945457E+001	2.1681599999999999E+000
1.0435927996129015E+001	2.1680280000000001E+000
1.0445780384011618E+001	2.1678999999999999E+000
1.0455632773416516E+001	2.1677759999999999E+000
1.0465485164164132E+001	2.1676540000000002E+000
1.0475337556073036E+001	2.1675360000000001E+000
1.0485189948960839E+001	2.1674199999999999E+000
1.0495042342645316E+001	2.1673079999999998E+000
1.0504894736945408E+001	2.1671980000000000E+000
1.0514747131682425E+001	2.1670919999999998E+000
1.0524599526681085E+001	2.1669900000000002E+000
1.0534451921770705E+001	2.1668880000000001E+000
1.0544304316786327E+001	2.1667900000000002E+000
1.0554156711569815E+001	2.1666940000000001E+000
1.0564009105970928E+001	2.1666020000000001E+000
1.0573861499848359E+001	2.1665100000000002E+000
1.0583713893070712E+001	2.1664200000000000E+000
1.0593566285517417E+001	2.1663320000000001E+000
1.0603418677079569E+001	2.1662460000000001E+000
1.0613271067660669E+001	2.1661619999999999E+000
1.0623123457177273E+001	2.1660780000000002E+000
1.0632975845559582E+001	2.1659940000000000E+000
1.0642828232751871E+001	2.1659120000000001E+000
1.0652680618712862E+001	2.1658300000000001E+000
1.0662533003415911E+001	2.1657500000000001E+000
1.0672385386849161E+001	2.1656680000000001E+000
1.0682237769015531E+001	2.1655880000000001E+000
1.0692090149932598E+001	2.1655060000000002E+000
1.0701942529632401E+001	2.1654239999999998E+000
1.0711794908161067E+001	2.1653419999999999E+000
1.0721647285578355E+001	2.1652580000000001E+000
1.0731499661957166E+001	2.1651739999999999E+000
1.0741352037382827E+001	2.1650879999999999E+000
1.0751204411952415E+001	2.1650019999999999E+000
1.0761056785773862E+001	2.1649140000000000E+000
1.0770909158965136E+001	2.1648239999999999E+000
1.0780761531653226E+001	2.1647340000000002E+000
1.0790613903973176E+001	2.1646420000000002E+000
1.0800466276066969E+001	2.1645460000000001E+000
1.0810318648082472E+001	2.1644500000000000E+000
1.0820171020172248E+001	2.1643520000000001E+000
1.0830023392492469E+001	2.1642519999999998E+000
1.0839875765201747E+001	2.1641480000000000E+000
1.0849728138459994E+001	2.1640440000000001E+000
1.0859580512427284E+001	2.1639379999999999E+000
1.0869432887262793E+001	2.1638299999999999E+000
1.0879285263123679E+001	2.1637179999999998E+000
1.0889137640164066E+001	2.1636060000000001E+000
1.0898990018534104E+001	2.1634920000000002E+000
1.0908842398379027E+001	2.1633740000000001E+000
1.0918694779838352E+001	2.1632560000000001E+000
1.0928547163045071E+001	2.1631360000000002E+000
1.0938399548124979E+001	2.1630140000000000E+000
1.0948251935196101E+001	2.1628900000000000E+000
1.0958104324368106E+001	2.1627660000000000E+000
1.0967956715741945E+001	2.1626379999999998E+000
1.0977809109409510E+001	2.1625100000000002E+000
1.0987661505453374E+001	2.1623800000000002E+000
1.0997513903946658E+001	2.1622499999999998E+000
1.1007366304953001E+001	2.1621180000000000E+000
1.1017218708526588E+001	2.1619839999999999E+000
1.1027071114712271E+001	2.1618499999999998E+000
1.1036923523545772E+001	2.1617139999999999E+000
1.1046775935054024E+001	2.1615799999999998E+000
1.1056628349255535E+001	2.1614420000000001E+000
1.1066480766160801E+001	2.1613060000000002E+000
1.1076333185772816E+001	2.1611680000000000E+000
1.1086185608087607E+001	2.1610299999999998E+000
1.1096038033094992E+001	2.1608920000000000E+000
1.1105890460778998E+001	2.1607539999999998E+000
1.1115742891118666E+001	2.1606160000000001E+000
1.1125595324088746E+001	2.1604779999999999E+000
1.1135447759660453E+001	2.1603400000000001E+000
1.1145300197802070E+001	2.1602020000000000E+000
1.1155152638479809E+001	2.1600640000000002E+000
1.1165005081658407E+001	2.1599279999999998E+000
1.1174857527301853E+001	2.1597900000000001E+000
1.1184709975374064E+001	2.1596540000000002E+000
1.1194562425839468E+001	2.1595179999999998E+000
1.1204414878663631E+001	2.1593840000000002E+000
1.1214267333813721E+001	2.1592500000000001E+000
1.1224119791259023E+001	2.1591160000000000E+000
1.1233972250971352E+001	2.1589839999999998E+000
1.1243824712925345E+001	2.1588520000000000E+000
1.1253677177098785E+001	2.1587200000000002E+000
1.1263529643472745E+001	2.1585920000000001E+000
1.1273382112031744E+001	2.1584620000000001E+000
1.1283234582763770E+001	2.1583340000000000E+000
1.1293087055660239E+001	2.1582080000000001E+000
1.1302939530715884E+001	2.1580819999999998E+000
1.1312792007928570E+001	2.1579579999999998E+000
1.1322644487298993E+001	2.1578360000000001E+000
1.1332496968830364E+001	2.1577139999999999E+000
1.1342349452527992E+001	2.1575940000000000E+000
1.1352201938398812E+001	2.1574740000000001E+000
1.1362054426450843E+001	2.1573560000000001E+000
1.1371906916692620E+001	2.1572399999999998E+000
1.1381759409132512E+001	2.1571259999999999E+000
1.1391611903778166E+001	2.1570119999999999E+000
1.1401464400635666E+001	2.1568999999999998E+000
1.1411316899708893E+001	2.1567900000000000E+000
1.1421169400998771E+001	2.1566800000000002E+000
1.1431021904502513E+001	2.1565740000000000E+000
1.1440874410212908E+001	2.1564679999999998E+000
1.1450726918117516E+001	2.1563639999999999E+000
1.1460579428198045E+001	2.1562619999999999E+000
1.1470431940429640E+001	2.1561620000000001E+000
1.1480284454780213E+001	2.1560640000000002E+000
1.1490136971209877E+001	2.1559680000000001E+000
1.1499989489670416E+001	2.1558720000000000E+000
1.1509842010104741E+001	2.1557800000000000E+000
1.1519694532446538E+001	2.1556880000000000E+000
1.1529547056619874E+001	2.1556000000000002E+000
1.1539399582538980E+001	2.1555119999999999E+000
1.1549252110108039E+001	2.1554280000000001E+000
1.1559104639221090E+001	2.1553439999999999E+000
1.1568957169762013E+001	2.1552639999999998E+000
1.1578809701604696E+001	2.1551840000000002E+000
1.1588662234613118E+001	2.1551079999999998E+000
1.1598514768641653E+001	2.1550319999999998E+000
1.1608367303535450E+001	2.1549600000000000E+000
1.1618219839130896E+001	2.1548900000000000E+000
1.1628072375256156E+001	2.1548200000000000E+000
1.1637924911731758E+001	2.1547540000000001E+000
1.1647777448371361E+001	2.1546900000000000E+000
1.1657629984982497E+001	2.1546259999999999E+000
1.1667482521367470E+001	2.1545660000000000E+000
1.1677335057324200E+001	2.1545079999999999E+000
1.1687187592647264E+001	2.1544520000000000E+000
1.1697040127128860E+001	2.1543960000000002E+000
1.1706892660559896E+001	2.1543440000000000E+000
1.1716745192731057E+001	2.1542919999999999E+000
1.1726597723433892E+001	2.1542420000000000E+000
1.1736450252461958E+001	2.1541960000000002E+000
1.1746302779611897E+001	2.1541480000000002E+000
1.1756155304684544E+001	2.1541039999999998E+000
1.1766007827486062E+001	2.1540620000000001E+000
1.1775860347828917E+001	2.1540200000000000E+000
1.1785712865532984E+001	2.1539779999999999E+000
1.1795565380426407E+001	2.1539400000000000E+000
1.1805417892346622E+001	2.1539020000000000E+000
1.1815270401141150E+001	2.1538640000000000E+000
1.1825122906668353E+001	2.1538279999999999E+000
1.1834975408798201E+001	2.1537920000000002E+000
1.1844827907412803E+001	2.1537579999999998E+000
1.1854680402407018E+001	2.1537240000000000E+000
1.1864532893688851E+001	2.1536900000000001E+000
1.1874385381179721E+001	2.1536559999999998E+000
1.1884237864814819E+001	2.1536240000000002E+000
1.1894090344543116E+001	2.1535920000000002E+000
1.1903942820327444E+001	2.1535600000000001E+000
1.1913795292144412E+001	2.1535280000000001E+000
1.1923647759984213E+001	2.1534939999999998E+000
1.1933500223850297E+001	2.1534620000000002E+000
1.1943352683759056E+001	2.1534300000000002E+000
1.1953205139739291E+001	2.1533980000000001E+000
1.1963057591831689E+001	2.1533639999999998E+000
1.1972910040088129E+001	2.1533319999999998E+000
1.1982762484570960E+001	2.1532979999999999E+000
1.1992614925352200E+001	2.1532640000000001E+000
1.2002467362512714E+001	2.1532279999999999E+000
1.2012319796141204E+001	2.1531940000000001E+000
1.2022172226333341E+001	2.1531579999999999E+000
1.2032024653190700E+001	2.1531220000000002E+000
1.2041877076819768E+001	2.1530840000000002E+000
1.2051729497330879E+001	2.1530480000000001E+000
1.2061581914837110E+001	2.1530100000000001E+000
1.2071434329453323E+001	2.1529699999999998E+000
1.2081286741295017E+001	2.1529319999999998E+000
1.2091139150477391E+001	2.1528920000000000E+000
1.2100991557114266E+001	2.1528520000000002E+000
1.2110843961317197E+001	2.1528100000000001E+000
1.2120696363194515E+001	2.1527680000000000E+000
1.2130548762850472E+001	2.1527259999999999E+000
1.2140401160384458E+001	2.1526839999999998E+000
1.2150253555890281E+001	2.1526399999999999E+000
1.2160105949455447E+001	2.1525960000000000E+000
1.2169958341160703E+001	2.1525520000000000E+000
1.2179810731079375E+001	2.1525080000000001E+000
1.2189663119277142E+001	2.1524619999999999E+000
1.2199515505811588E+001	2.1524160000000001E+000
1.2209367890732025E+001	2.1523699999999999E+000
1.2219220274079369E+001	2.1523240000000001E+000
1.2229072655886057E+001	2.1522760000000001E+000
1.2238925036176147E+001	2.1522299999999999E+000
1.2248777414965408E+001	2.1521819999999998E+000
1.2258629792261608E+001	2.1521319999999999E+000
1.2268482168064709E+001	2.1520839999999999E+000
1.2278334542367379E+001	2.1520340000000000E+000
1.2288186915155405E+001	2.1519840000000001E+000
1.2298039286408194E+001	2.1519339999999998E+000
1.2307891656099404E+001	2.1518820000000001E+000
1.2317744024197612E+001	2.1518299999999999E+000
1.2327596390666972E+001	2.1517780000000002E+000
1.2337448755467950E+001	2.1517240000000002E+000
1.2347301118558129E+001	2.1516700000000002E+000
1.2357153479893000E+001	2.1516160000000002E+000
1.2367005839426781E+001	2.1515599999999999E+000
1.2376858197113240E+001	2.1515019999999998E+000
1.2386710552906530E+001	2.1514440000000001E+000
1.2396562906762000E+001	2.1513860000000000E+000
1.2406415258637036E+001	2.1513260000000001E+000
1.2416267608491774E+001	2.1512639999999998E+000
1.2426119956289934E+001	2.1512020000000001E+000
1.2435972301999479E+001	2.1511380000000000E+000
1.2445824645593348E+001	2.1510720000000001E+000
1.2455676987049998E+001	2.1510060000000002E+000
1.2465529326354062E+001	2.1509360000000002E+000
1.2475381663496810E+001	2.1508660000000002E+000
1.2485233998476593E+001	2.1507939999999999E+000
1.2495086331299236E+001	2.1507220000000000E+000
1.2504938661978356E+001	2.1506460000000001E+000
1.2514790990535543E+001	2.1505679999999998E+000
1.2524643317000610E+001	2.1504900000000000E+000
1.2534495641411556E+001	2.1504080000000001E+000
1.2544347963814701E+001	2.1503239999999999E+000
1.2554200284264557E+001	2.1502400000000002E+000
1.2564052602823685E+001	2.1501519999999998E+000
1.2573904919562501E+001	2.1500640000000000E+000
1.2583757234559002E+001	2.1499720000000000E+000
1.2593609547898398E+001	2.1498780000000002E+000
1.2603461859672789E+001	2.1497839999999999E+000
1.2613314169980596E+001	2.1496860000000000E+000
1.2623166478926107E+001	2.1495860000000002E+000
1.2633018786618960E+001	2.1494860000000000E+000
1.2642871093173477E+001	2.1493820000000001E+000
1.2652723398708062E+001	2.1492760000000000E+000
1.2662575703344553E+001	2.1491699999999998E+000
1.2672428007207520E+001	2.1490600000000000E+000
1.2682280310423575E+001	2.1489479999999999E+000
1.2692132613120688E+001	2.1488360000000002E+000
1.2701984915427461E+001	2.1487219999999998E+000
1.2711837217472443E+001	2.1486060000000000E+000
1.2721689519383409E+001	2.1484880000000000E+000
1.2731541821286751E+001	2.1483680000000001E+000
1.2741394123306783E+001	2.1482480000000002E+000
1.2751246425565141E+001	2.1481260000000000E+000
1.2761098728180182E+001	2.1480020000000000E+000
1.2770951031266486E+001	2.1478780000000000E+000
1.2780803334934321E+001	2.1477520000000001E+000
1.2790655639289220E+001	2.1476259999999998E+000
1.2800507944431544E+001	2.1474980000000001E+000
1.2810360250456185E+001	2.1473700000000000E+000
1.2820212557452303E+001	2.1472400000000000E+000
1.2830064865503038E+001	2.1471100000000001E+000
1.2839917174685416E+001	2.1469800000000001E+000
1.2849769485070192E+001	2.1468479999999999E+000
1.2859621796721873E+001	2.1467160000000001E+000
1.2869474109698713E+001	2.1465839999999998E+000
1.2879326424052797E+001	2.1464520000000000E+000
1.2889178739830214E+001	2.1463199999999998E+000
1.2899031057071229E+001	2.1461860000000001E+000
1.2908883375810555E+001	2.1460539999999999E+000
1.2918735696077697E+001	2.1459199999999998E+000
1.2928588017897262E+001	2.1457880000000000E+000
1.2938440341289363E+001	2.1456559999999998E+000
1.2948292666270133E+001	2.1455220000000002E+000
1.2958144992852151E+001	2.1453899999999999E+000
1.2967997321044940E+001	2.1452580000000001E+000
1.2977849650855541E+001	2.1451259999999999E+000
1.2987701982289032E+001	2.1449959999999999E+000
1.2997554315349143E+001	2.1448640000000001E+000
1.3007406650038805E+001	2.1447340000000001E+000
1.3017258986360776E+001	2.1446060000000000E+000
1.3027111324318028E+001	2.1444760000000000E+000
1.3036963663914651E+001	2.1443479999999999E+000
1.3046816005156174E+001	2.1442220000000001E+000
1.3056668348050158E+001	2.1440939999999999E+000
1.3066520692606733E+001	2.1439699999999999E+000
1.3076373038839069E+001	2.1438440000000001E+000
1.3086225386763831E+001	2.1437200000000001E+000
1.3096077736401591E+001	2.1435979999999999E+000
1.3105930087777230E+001	2.1434760000000002E+000
1.3115782440920226E+001	2.1433559999999998E+000
1.3125634795864986E+001	2.1432359999999999E+000
1.3135487152651029E+001	2.1431179999999999E+000
1.3145339511323217E+001	2.1429999999999998E+000
1.3155191871931811E+001	2.1428840000000000E+000
1.3165044234532585E+001	2.1427700000000001E+000
1.3174896599186841E+001	2.1426560000000001E+000
1.3184748965961385E+001	2.1425440000000000E+000
1.3194601334928349E+001	2.1424319999999999E+000
1.3204453706165122E+001	2.1423220000000001E+000
1.3214306079754108E+001	2.1422140000000001E+000
1.3224158455782414E+001	2.1421060000000001E+000
1.3234010834341641E+001	2.1419999999999999E+000
1.3243863215527448E+001	2.1418960000000000E+000
1.3253715599439184E+001	2.1417920000000001E+000
1.3263567986179439E+001	2.1416900000000001E+000
1.3273420375853544E+001	2.1415899999999999E+000
1.3283272768569084E+001	2.1414920000000000E+000
1.3293125164435340E+001	2.1413940000000000E+000
1.3302977563562729E+001	2.1412960000000001E+000
1.3312829966062230E+001	2.1412000000000000E+000
1.3322682372044769E+001	2.1411060000000002E+000
1.3332534781620620E+001	2.1410140000000002E+000
1.3342387194898786E+001	2.1409220000000002E+000
1.3352239611986386E+001	2.1408320000000001E+000
1.3362092032988071E+001	2.1407419999999999E+000
1.3371944458005389E+001	2.1406540000000001E+000
1.3381796887136261E+001	2.1405660000000002E+000
1.3391649320474379E+001	2.1404800000000002E+000
1.3401501758108701E+001	2.1403940000000001E+000
1.3411354200122942E+001	2.1403099999999999E+000
1.3421206646595099E+001	2.1402260000000002E+000
1.3431059097597041E+001	2.1401439999999998E+000
1.3440911553194079E+001	2.1400619999999999E+000
1.3450764013444623E+001	2.1399819999999998E+000
1.3460616478399922E+001	2.1399020000000002E+000
1.3470468948103766E+001	2.1398220000000001E+000
1.3480321422592327E+001	2.1397439999999999E+000
1.3490173901893938E+001	2.1396660000000001E+000
1.3500026386029088E+001	2.1395879999999998E+000
1.3509878875010299E+001	2.1395100000000000E+000
1.3519731368842169E+001	2.1394340000000001E+000
1.3529583867521465E+001	2.1393580000000001E+000
1.3539436371037192E+001	2.1392820000000001E+000
1.3549288879370783E+001	2.1392080000000000E+000
1.3559141392496299E+001	2.1391320000000000E+000
1.3568993910380655E+001	2.1390579999999999E+000
1.3578846432983990E+001	2.1389840000000002E+000
1.3588698960259972E+001	2.1389100000000001E+000
1.3598551492156146E+001	2.1388360000000000E+000
1.3608404028614418E+001	2.1387619999999998E+000
1.3618256569571484E+001	2.1386880000000001E+000
1.3628109114959283E+001	2.1386159999999999E+000
1.3637961664705516E+001	2.1385420000000002E+000
1.3647814218734201E+001	2.1384699999999999E+000
1.3657666776966149E+001	2.1383960000000002E+000
1.3667519339319515E+001	2.1383239999999999E+000
1.3677371905710373E+001	2.1382520000000000E+000
1.3687224476053242E+001	2.1381779999999999E+000
1.3697077050261626E+001	2.1381060000000001E+000
1.3706929628248540E+001	2.1380340000000002E+000
1.3716782209927061E+001	2.1379619999999999E+000
1.3726634795210783E+001	2.1378900000000001E+000
1.3736487384014314E+001	2.1378180000000002E+000
1.3746339976253703E+001	2.1377459999999999E+000
1.3756192571846928E+001	2.1376740000000001E+000
1.3766045170714211E+001	2.1376019999999998E+000
1.3775897772778450E+001	2.1375299999999999E+000
1.3785750377965455E+001	2.1374599999999999E+000
1.3795602986204235E+001	2.1373880000000001E+000
1.3805455597427311E+001	2.1373180000000001E+000
1.3815308211570807E+001	2.1372460000000002E+000
1.3825160828574631E+001	2.1371760000000002E+000
1.3835013448382570E+001	2.1371060000000002E+000
1.3844866070942357E+001	2.1370360000000002E+000
1.3854718696205600E+001	2.1369660000000001E+000
1.3864571324127832E+001	2.1368960000000001E+000
1.3874423954668380E+001	2.1368260000000001E+000
1.3884276587790183E+001	2.1367579999999999E+000
1.3894129223459728E+001	2.1366879999999999E+000
1.3903981861646724E+001	2.1366200000000002E+000
1.3913834502323915E+001	2.1365520000000000E+000
1.3923687145466740E+001	2.1364839999999998E+000
1.3933539791053098E+001	2.1364179999999999E+000
1.3943392439062887E+001	2.1363500000000002E+000
1.3953245089477774E+001	2.1362839999999998E+000
1.3963097742280635E+001	2.1362180000000000E+000
1.3972950397455277E+001	2.1361539999999999E+000
1.3982803054985938E+001	2.1360880000000000E+000
1.3992655714856891E+001	2.1360239999999999E+000

 
