time 	 d
0.0000000000000000E+000	9.9262820000000007E-012
4.8236565977426649E-001	7.7881389999999995E-005
9.4258706927856251E-001	-4.2961060000000000E-006
1.4080440527336771E+000	-2.1250300000000001E-004
1.8780854478457716E+000	-3.8813530000000000E-004
2.3509085221779502E+000	-6.1046099999999997E-004
2.8252369269696898E+000	-7.9098340000000001E-004
3.3006018873817009E+000	-9.2574800000000000E-004
3.7767838255358614E+000	-1.0055200000000000E-003
4.2536491929334890E+000	-1.0217670000000000E-003
4.7311250895931094E+000	-9.7194670000000003E-004
5.2091474783579841E+000	-8.6170579999999999E-004
5.6876601093527110E+000	-7.0439509999999995E-004
6.1666137748280931E+000	-5.1444060000000000E-004
6.6459653093559350E+000	-3.1036969999999998E-004
7.1256766777415761E+000	-1.1477939999999999E-004
7.6057142423602118E+000	5.0094360000000003E-005
8.0860482097634101E+000	1.6700539999999999E-004
8.5666521262841080E+000	2.2353459999999999E-004
9.0475023700260202E+000	2.1200829999999999E-004
9.5285777016610940E+000	1.3300949999999999E-004
1.0009859071269165E+001	-5.0673840000000004E-006
1.0491329433819830E+001	-1.8786180000000000E-004
1.0972973614723983E+001	-3.9533109999999999E-004
1.1454778080675579E+001	-6.0408059999999999E-004
1.1936730802620859E+001	-7.9165919999999996E-004
1.2418821127658155E+001	-9.3674169999999996E-004
1.2901039650382250E+001	-1.0225970000000001E-003
1.3383378064970772E+001	-1.0381010000000000E-003
1.3865829009677544E+001	-9.8195769999999990E-004
1.4348385934791823E+001	-8.6122480000000001E-004
1.4831042806293725E+001	-6.8963420000000002E-004
1.5313794397516249E+001	-4.8861529999999996E-004
1.5796638089834429E+001	-2.8096900000000000E-004
1.6279554798145760E+001	-9.2544020000000002E-005
1.6762516783078272E+001	5.1021179999999997E-005
1.7245527471626943E+001	1.3553750000000001E-004
1.7728606600040802E+001	1.4954789999999999E-004
1.8211757747003176E+001	8.9642209999999994E-005
1.8694973107984879E+001	-3.8113769999999999E-005
1.9178245374348158E+001	-2.1880700000000001E-004
1.9661569726707530E+001	-4.3093269999999999E-004
2.0144942649530257E+001	-6.4900020000000001E-004
2.0628361220690770E+001	-8.4635460000000000E-004
2.1111822707393461E+001	-9.9832599999999990E-004
2.1595325373597635E+001	-1.0855999999999999E-003
2.2078871431856783E+001	-1.0961809999999999E-003
2.2562447186679513E+001	-1.0290550000000001E-003
2.3046004723338925E+001	-8.8946550000000004E-004
2.3529549746100599E+001	-6.9178190000000002E-004
2.4013179966070993E+001	-4.6713220000000000E-004
2.4496930858275533E+001	-2.3214530000000000E-004
2.4980733334794643E+001	-2.7985029999999999E-005
2.5464539945693097E+001	1.2721560000000001E-004
2.5948358072989649E+001	2.1164369999999999E-004
2.6432200836277076E+001	2.1251700000000001E-004
2.6916070021255155E+001	1.2881420000000000E-004
2.7399963413987017E+001	-3.0367550000000000E-005
2.7883878968595759E+001	-2.4645009999999998E-004
2.8367814981007573E+001	-4.9334490000000003E-004
2.8851769878390130E+001	-7.4054459999999998E-004
2.9335742330550080E+001	-9.5675410000000002E-004
2.9819731364306048E+001	-1.1139860000000000E-003
3.0303736362695997E+001	-1.1910940000000000E-003
3.0787757021196491E+001	-1.1765170000000000E-003
3.1271793286159433E+001	-1.0699550000000000E-003
3.1755845254212911E+001	-8.8263320000000003E-004
3.2239913060377326E+001	-6.3629509999999997E-004
3.2723996824098712E+001	-3.6053609999999999E-004
3.3208096593511677E+001	-8.9265880000000001E-005
3.3692212178461901E+001	1.4339539999999999E-004
3.4176343004982115E+001	3.0742479999999999E-004
3.4660488084741118E+001	3.8072200000000000E-004
3.5144646108073331E+001	3.5206790000000000E-004
3.5628815881528766E+001	2.2278599999999999E-004
3.6112995708195839E+001	6.7963200000000002E-006
3.6597181894900707E+001	-2.7073840000000000E-004
3.7081371883647137E+001	-5.7613960000000002E-004
3.7565568243043259E+001	-8.7168800000000002E-004
3.8049773989855119E+001	-1.1201530000000000E-003
3.8533987135601286E+001	-1.2889580000000000E-003
3.9018204061588101E+001	-1.3546319999999999E-003
3.9502424106234095E+001	-1.3063920000000000E-003
3.9986648768085182E+001	-1.1475039999999999E-003
4.0470879425176555E+001	-8.9501879999999998E-004
4.0955116793253936E+001	-5.7810179999999997E-004
4.1439361243194625E+001	-2.3477400000000001E-004
4.1923612961631235E+001	9.2525810000000002E-005
4.2407871890251705E+001	3.6234810000000000E-004
4.2892137626901764E+001	5.3944180000000004E-004
4.3376409385604632E+001	5.9925080000000001E-004
4.3860686009469489E+001	5.3127410000000002E-004
4.4344965995796713E+001	3.4073660000000000E-004
4.4829247503126055E+001	4.8275159999999999E-005
4.5313528545802711E+001	-3.1207000000000001E-004
4.5797807664624983E+001	-6.9673070000000003E-004
4.6282084259905048E+001	-1.0578770000000000E-003
4.6766357702763919E+001	-1.3497610000000001E-003
4.7250627108771923E+001	-1.5340320000000001E-003
4.7734893290193845E+001	-1.5849040000000000E-003
4.8219159939246559E+001	-1.4925290000000000E-003
4.8703431895214784E+001	-1.2648630000000000E-003
4.9187713087297915E+001	-9.2636029999999998E-004
4.9672006219874355E+001	-5.1649080000000004E-004
5.0156313052469599E+001	-8.4661249999999999E-005
5.0640634242890727E+001	3.1565199999999998E-004
5.1124969135783964E+001	6.3332929999999996E-004
5.1609315876875883E+001	8.2623739999999998E-004
5.2093671775416709E+001	8.6685799999999997E-004
5.2578033486041285E+001	7.4617140000000004E-004
5.3062397240635093E+001	4.7485209999999998E-004
5.3546762073798845E+001	8.2319830000000000E-005
5.4031124770949049E+001	-3.8552960000000000E-004
5.4515483550634151E+001	-8.7219839999999995E-004
5.4999837624014013E+001	-1.3172010000000000E-003
5.5484187051640660E+001	-1.6638099999999999E-003
5.5968532662859324E+001	-1.8660540000000000E-003
5.6452875897673046E+001	-1.8948850000000000E-003
5.6937218583982187E+001	-1.7419619999999999E-003
5.7421562673998217E+001	-1.4212280000000001E-003
5.7905909968394312E+001	-9.6798860000000002E-004
5.8390261900894551E+001	-4.3515920000000003E-004
5.8874619453444630E+001	1.1286620000000000E-004
5.9358983098961225E+001	6.0812230000000000E-004
5.9843352656987669E+001	9.8737799999999991E-004
6.0327727274176382E+001	1.2001440000000000E-003
6.0812103207514738E+001	1.2153410000000000E-003
6.1296476804001642E+001	1.0257080000000000E-003
6.1780850186512424E+001	6.4932369999999996E-004
6.2265225676216950E+001	1.2812190000000001E-004
6.2749603564075848E+001	-4.7674719999999998E-004
6.3233978163177071E+001	-1.0919210000000000E-003
6.3718348216391234E+001	-1.6407460000000000E-003
6.4202713511848970E+001	-2.0529580000000001E-003
6.4687074495782269E+001	-2.2734510000000001E-003
6.5171432249767875E+001	-2.2696990000000000E-003
6.5655788386362161E+001	-2.0361429999999998E-003
6.6140144872684729E+001	-1.5958249999999999E-003
6.6624503800034063E+001	-9.9834209999999997E-004
6.7108867125166498E+001	-3.1424500000000000E-004
6.7593236415440231E+001	3.7309929999999999E-004
6.8077612629843912E+001	9.7768750000000004E-004
6.8561995964865048E+001	1.4216380000000000E-003
6.9046383815638805E+001	1.6451009999999999E-003
6.9530768282575011E+001	1.6142350000000001E-003
7.0015150451468017E+001	1.3261040000000000E-003
7.0499532704147015E+001	8.0983759999999998E-004
7.0983917495667313E+001	1.2407700000000000E-004
7.1468306554402375E+001	-6.4971950000000005E-004
7.1952692241384185E+001	-1.4164910000000000E-003
7.2437070560843964E+001	-2.0799130000000001E-003
7.2921441368961908E+001	-2.5539569999999999E-003
7.3405805492439711E+001	-2.7741070000000000E-003
7.3890164630063907E+001	-2.7060389999999999E-003
7.4374521153688704E+001	-2.3506270000000001E-003
7.4858877828315158E+001	-1.7443669999999999E-003
7.5343237477462154E+001	-9.5661580000000002E-004
7.5827602630876186E+001	-8.1334639999999995E-005
7.6311975196892220E+001	7.7387400000000002E-004
7.6796356207362621E+001	1.5010170000000001E-003
7.7280745288466434E+001	2.0052770000000002E-003
7.7765131951853093E+001	2.2173459999999998E-003

 
Grouping:test2
# x 	 y
7.7765131951853093E+001	2.1024809999999998E-003
7.8249513289744982E+001	1.6660939999999999E-003
7.8733891957592078E+001	9.5390290000000005E-004
7.9218271023615202E+001	4.7738060000000000E-005
7.9702653594197741E+001	-9.4368149999999999E-004
8.0187042313391416E+001	-1.8979390000000000E-003
8.0671428662536272E+001	-2.6941510000000001E-003
8.1155805571788036E+001	-3.2279119999999999E-003
8.1640173137784856E+001	-3.4249350000000000E-003
8.2124532625317059E+001	-3.2512200000000000E-003
8.2608886340196605E+001	-2.7183550000000000E-003
8.3093237368528023E+001	-1.8826559999999999E-003
8.3577589211249943E+001	-8.4064540000000003E-004
8.4061945353636460E+001	2.8247450000000001E-004
8.4546308825975615E+001	1.3478110000000000E-003
8.5030681810654229E+001	2.2197810000000001E-003
8.5515065342727809E+001	2.7835650000000000E-003
8.5999453120521636E+001	2.9597540000000002E-003
8.6483832502301127E+001	2.7152959999999999E-003
8.6968205707179848E+001	2.0687470000000001E-003
8.7452576279940430E+001	1.0895680000000000E-003
8.7936948183829799E+001	-1.0871740000000000E-004
8.8421325317326520E+001	-1.3812119999999999E-003
8.8905710981720034E+001	-2.5703840000000002E-003
8.9390094750809794E+001	-3.5245649999999999E-003
8.9874466354785952E+001	-4.1172079999999998E-003
9.0358826269025116E+001	-4.2637850000000000E-003
9.0843176426270972E+001	-3.9334810000000000E-003
9.1327520017176553E+001	-3.1542929999999999E-003
9.1811861127724370E+001	-2.0104590000000000E-003
9.2296204260654378E+001	-6.3530110000000004E-004
9.2780553788382960E+001	8.0475559999999998E-004
9.3264913398744014E+001	2.1308550000000001E-003
9.3749285604163845E+001	3.1734290000000002E-003
9.4233670423665501E+001	3.7934869999999999E-003
9.4718049550439332E+001	3.9014029999999999E-003
9.5202418061212072E+001	3.4693240000000002E-003
9.5686779632801219E+001	2.5357309999999998E-003
9.6171138849520844E+001	1.2029930000000001E-003
9.6655500652883902E+001	-3.7278289999999998E-004
9.7139869732518662E+001	-2.0000420000000001E-003
9.7624249879422777E+001	-3.4769029999999999E-003
9.8108627007195793E+001	-4.6137030000000002E-003
9.8592987588997573E+001	-5.2580329999999996E-003
9.9077332590085575E+001	-5.3153530000000001E-003
9.9561664862894403E+001	-4.7622180000000004E-003
1.0004598883711816E+002	-3.6505900000000000E-003
1.0053030999662157E+002	-2.1032999999999998E-003
1.0101463422632038E+002	-3.0245679999999999E-004
1.0149896709195305E+002	1.5325170000000000E-003
1.0198331312656882E+002	3.1730159999999999E-003
1.0246767522757959E+002	4.4077630000000003E-003
1.0295204630364829E+002	5.0701330000000001E-003
1.0343640268034694E+002	5.0610969999999996E-003
1.0392074608445593E+002	4.3633550000000002E-003
1.0440508164866550E+002	3.0444360000000002E-003
1.0488941555232587E+002	1.2517580000000000E-003
1.0537375429772942E+002	-8.0239850000000002E-004
1.0585810391624598E+002	-2.8674970000000001E-003
1.0634246901437574E+002	-4.6854860000000000E-003
1.0682682959851824E+002	-6.0210250000000002E-003
1.0731116992815065E+002	-6.6930630000000000E-003
1.0779549181759181E+002	-6.5988610000000001E-003
1.0827979933859562E+002	-5.7290300000000004E-003
1.0876409837021195E+002	-4.1709729999999997E-003
1.0924839590667099E+002	-2.0999529999999999E-003
1.0973269921308676E+002	2.3760660000000000E-004
1.1021701494287008E+002	2.5557340000000000E-003
1.1070134826506984E+002	4.5639050000000000E-003
1.1118570212591520E+002	6.0010330000000002E-003
1.1167005307602611E+002	6.6707030000000000E-003
1.1215438313128502E+002	6.4677420000000003E-003
1.1263869722526975E+002	5.3936510000000002E-003
1.1312300226512453E+002	3.5586540000000001E-003
1.1360730631331946E+002	1.1712680000000000E-003
1.1409161762152326E+002	-1.4834390000000000E-003
1.1457594362307756E+002	-4.0796679999999998E-003
1.1506028919331466E+002	-6.2906309999999997E-003
1.1554462495115770E+002	-7.8274929999999996E-003
1.1602893450693226E+002	-8.4790409999999997E-003
1.1651322090672237E+002	-8.1391499999999995E-003
1.1699748999018358E+002	-6.8238639999999998E-003
1.1748174973574014E+002	-4.6707449999999996E-003
1.1796600931824402E+002	-1.9271130000000000E-003
1.1845027799921658E+002	1.0784230000000000E-003
1.1893456399666253E+002	3.9756890000000001E-003
1.1941887339559690E+002	6.3985400000000003E-003
1.1990320521208399E+002	8.0289400000000000E-003
1.2038751870638983E+002	8.6408370000000002E-003
1.2087180672507650E+002	8.1298489999999998E-003
1.2135607616535464E+002	6.5297089999999999E-003
1.2184033621313192E+002	4.0118439999999997E-003
1.2232459724867384E+002	8.6655279999999998E-004
1.2280886959212987E+002	-2.5270520000000001E-003
1.2329316223555810E+002	-5.7497099999999999E-003
1.2377747883154619E+002	-8.3916790000000008E-003
1.2426177692277294E+002	-1.0105039999999999E-002
1.2474604208829371E+002	-1.0650250000000000E-002
1.2523027907407194E+002	-9.9277810000000001E-003
1.2571449600165312E+002	-7.9946470000000006E-003
1.2619870344665293E+002	-5.0608500000000004E-003
1.2668291317820830E+002	-1.4682639999999999E-003
1.2716713672884907E+002	2.3487380000000000E-003
1.2765138395730240E+002	5.9162599999999996E-003
1.2813566174492360E+002	8.7789800000000005E-003
1.2861995544205686E+002	1.0557640000000000E-002
1.2910421575122257E+002	1.1000879999999999E-002
1.2958844525695278E+002	1.0018090000000000E-002
1.3007265347517250E+002	7.6948920000000001E-003
1.3055685251909168E+002	4.2884619999999998E-003
1.3104105564627491E+002	1.9765289999999999E-004
1.3152527564372269E+002	-4.0786909999999997E-003
1.3200952321822996E+002	-8.0073439999999996E-003
1.3249379701496281E+002	-1.1083580000000001E-002
1.3297803928088570E+002	-1.2898470000000000E-002
1.3346224089451042E+002	-1.3192920000000000E-002
1.3394640900099998E+002	-1.1890710000000001E-002
1.3443055472924692E+002	-9.1142029999999995E-003
1.3491469192731287E+002	-5.1752370000000001E-003
1.3539883548717631E+002	-5.3940170000000003E-004
1.3588299953576237E+002	4.2249849999999997E-003
1.3636719562203282E+002	8.5208030000000004E-003
1.3685143118730099E+002	1.1793850000000000E-002
1.3733566186026044E+002	1.3605570000000001E-002
1.3781984783916548E+002	1.3693300000000000E-002
1.3830399778221997E+002	1.2002610000000000E-002
1.3878812463136765E+002	8.7008480000000006E-003
1.3927224413288118E+002	4.1634970000000004E-003
1.3975637292147343E+002	-1.0672870000000001E-003
1.4024052647810089E+002	-6.3447879999999996E-003
1.4072471713110380E+002	-1.1003840000000001E-002
1.4120892972704050E+002	-1.4439000000000000E-002
1.4169309419154510E+002	-1.6188160000000000E-002
1.4217720986405845E+002	-1.5992570000000001E-002
1.4266128718583857E+002	-1.3829450000000000E-002
1.4314534115621419E+002	-9.9232920000000002E-003
1.4362938959309523E+002	-4.7233589999999999E-003
1.4411345096950393E+002	1.1420840000000000E-003
1.4459754213493326E+002	6.9446209999999998E-003
1.4508167610589655E+002	1.1946439999999999E-002
1.4556585298296167E+002	1.5494920000000001E-002
1.4604999362757104E+002	1.7108550000000000E-002
1.4653408160079150E+002	1.6541199999999999E-002
1.4701812940388479E+002	1.3811729999999999E-002
1.4750215431405294E+002	9.2135829999999991E-003
1.4798617638413521E+002	3.2824680000000002E-003
1.4847021598317556E+002	-3.2555160000000000E-003
1.4895429124765209E+002	-9.5808390000000007E-003
1.4943841569096637E+002	-1.4885280000000001E-002
1.4992254179241567E+002	-1.8471890000000001E-002
1.5040660361294053E+002	-1.9849570000000000E-002
1.5089060918927376E+002	-1.8797280000000000E-002
1.5137457342162813E+002	-1.5393630000000000E-002
1.5185851611742220E+002	-1.0013620000000001E-002
1.5234245966255671E+002	-3.2937869999999998E-003
1.5282642631060492E+002	3.9350100000000001E-003
1.5331043534520532E+002	1.0761900000000000E-002
1.5379450053856323E+002	1.6307039999999998E-002
1.5427859085950391E+002	1.9838530000000000E-002
1.5476261591051482E+002	2.0866929999999999E-002
1.5524658173025497E+002	1.9209940000000002E-002
1.5573050589755181E+002	1.5018680000000000E-002
1.5621441095710659E+002	8.7656999999999995E-003
1.5669832175140715E+002	1.2045179999999999E-003
1.5718226241064770E+002	-6.7201789999999997E-003
1.5766625319322591E+002	-1.4003000000000000E-002
1.5815030221831060E+002	-1.9698879999999998E-002
1.5863431079100664E+002	-2.3051149999999999E-002
1.5911824471375647E+002	-2.3587139999999999E-002
1.5960211732990248E+002	-2.1183910000000000E-002
1.6008594926430652E+002	-1.6085289999999999E-002
1.6056976597682504E+002	-8.8796929999999993E-003
1.6105359471916384E+002	-4.4804209999999998E-004
1.6153746126999948E+002	8.1481820000000003E-003
1.6202138649432433E+002	1.5811479999999999E-002
1.6250538121326463E+002	2.1543369999999999E-002
1.6298934596804961E+002	2.4573169999999998E-002
1.6347323187775785E+002	2.4464880000000001E-002
1.6395705541876140E+002	2.1174120000000001E-002
1.6444084049653185E+002	1.5053749999999999E-002
1.6492461559944599E+002	6.8265219999999998E-003
1.6540841042173079E+002	-2.4846349999999998E-003
1.6589225221727108E+002	-1.1701780000000000E-002
1.6637616208069383E+002	-1.9642670000000001E-002
1.6686011199961735E+002	-2.5262389999999999E-002
1.6734397909406766E+002	-2.7799140000000000E-002
1.6782776417264679E+002	-2.6874499999999999E-002
1.6831148731073625E+002	-2.2546770000000001E-002
1.6879517600005545E+002	-1.5303340000000000E-002
1.6927886176630929E+002	-6.0169120000000001E-003
1.6976257646157748E+002	4.1457470000000000E-003
1.7024634833363200E+002	1.3894429999999999E-002
1.7073019812858323E+002	2.1967939999999998E-002
1.7121409677103065E+002	2.7297050000000000E-002
1.7169790990890189E+002	2.9152819999999999E-002
1.7218163915813977E+002	2.7239550000000001E-002
1.7266530845586382E+002	2.1738980000000001E-002
1.7314894896723746E+002	1.3292389999999999E-002
1.7363259521038117E+002	2.9384419999999999E-003
1.7411628100557698E+002	-8.0134860000000002E-003
1.7460003515776052E+002	-1.8164099999999999E-002
1.7508387566392750E+002	-2.6187869999999999E-002
1.7556768483042512E+002	-3.1016019999999998E-002
1.7605139219244529E+002	-3.1980960000000003E-002
1.7653501566458345E+002	-2.8897030000000001E-002
1.7701858336445380E+002	-2.2098240000000002E-002
1.7750213013401265E+002	-1.2401460000000000E-002
1.7798569318760252E+002	-1.0143830000000000E-003
1.7846930772702748E+002	1.0616520000000001E-002
1.7895300237505265E+002	2.0991690000000000E-002
1.7943679217570553E+002	2.8745690000000001E-002
1.7992054400886963E+002	3.2842709999999997E-002
1.8040419147274272E+002	3.2705550000000000E-002
1.8088775693263440E+002	2.8286059999999998E-002
1.8137127279167774E+002	2.0094000000000001E-002
1.8185477746527800E+002	9.1371360000000006E-003
1.8233831054963235E+002	-3.2095390000000000E-003
1.8282190814480572E+002	-1.5364100000000000E-002
1.8330559798191356E+002	-2.5742510000000000E-002
1.8378934637393795E+002	-3.2975289999999997E-002
1.8427298993879694E+002	-3.6088900000000000E-002
1.8475652879887531E+002	-3.4632379999999997E-002
1.8523999013702226E+002	-2.8727730000000000E-002
1.8572341062423345E+002	-1.9083170000000000E-002
1.8620683189474684E+002	-6.9034930000000001E-003
1.8669029530867851E+002	6.2734519999999997E-003
1.8717383698610587E+002	1.8743599999999999E-002
1.8765748284198992E+002	2.8871740000000000E-002
1.8814117838852380E+002	3.5316439999999998E-002
1.8862476008981210E+002	3.7205149999999999E-002
1.8910823885814628E+002	3.4239239999999997E-002
1.8959164682859412E+002	2.6736780000000002E-002
1.9007502486561211E+002	1.5627610000000000E-002
1.9055841744388351E+002	2.3058730000000000E-003
1.9104186707817888E+002	-1.1526420000000001E-002
1.9152540910157671E+002	-2.4062090000000001E-002
1.9200906026572358E+002	-3.3649030000000003E-002
1.9249265567135234E+002	-3.9016589999999997E-002
1.9297612795533391E+002	-3.9430510000000002E-002
1.9345950203863507E+002	-3.4782489999999999E-002
1.9394281492747112E+002	-2.5613100000000000E-002
1.9442611125213787E+002	-1.3079290000000000E-002
1.9490943762891146E+002	1.2399539999999999E-003
1.9539283681411848E+002	1.5493490000000000E-002
1.9587634231668247E+002	2.7808659999999999E-002
1.9635995652178372E+002	3.6561209999999997E-002
1.9684348965111937E+002	4.0583080000000001E-002
1.9732690113435518E+002	3.9314450000000001E-002
1.9781022152504627E+002	3.2858440000000003E-002
1.9829349266627412E+002	2.2005159999999999E-002
1.9877676259531867E+002	8.1334860000000005E-003
1.9926007936402678E+002	-6.9967140000000002E-003
1.9974348511061689E+002	-2.1399660000000001E-002
2.0022701051066096E+002	-3.3182209999999997E-002
2.0071056973359083E+002	-4.0785950000000001E-002
2.0119399359890372E+002	-4.3191100000000003E-002
2.0167730044834724E+002	-4.0050099999999998E-002
2.0216052643602472E+002	-3.1709540000000001E-002
2.0264371774841098E+002	-1.9216990000000000E-002
2.0312692504222719E+002	-4.1618050000000002E-003
2.0361019685332442E+002	1.1520330000000001E-002
2.0409357357296486E+002	2.5765349999999999E-002
2.0457708196291557E+002	3.6698460000000002E-002
2.0506058286207028E+002	4.2865140000000003E-002
2.0554394587717505E+002	4.3433609999999997E-002
2.0602719902186877E+002	3.8289100000000000E-002
2.0651038393312385E+002	2.8044059999999999E-002
2.0699355081554461E+002	1.4009640000000000E-002
2.0747675221851512E+002	-2.0306730000000002E-003
2.0796003620868819E+002	-1.7977050000000001E-002
2.0844344039481200E+002	-3.1732910000000003E-002
2.0892694762698622E+002	-4.1480969999999999E-002
2.0941033993252495E+002	-4.5919389999999997E-002
2.0989359848279233E+002	-4.4448939999999999E-002
2.1037675764085753E+002	-3.7216869999999999E-002
2.1085986401399495E+002	-2.5117950000000000E-002
2.1134297095225381E+002	-9.7070179999999995E-003
2.1182613184341000E+002	7.0414859999999996E-003
2.1230939315385527E+002	2.2920280000000001E-002
2.1279278854535093E+002	3.5846440000000000E-002
2.1327625777560053E+002	4.4101349999999997E-002
2.1375958940122388E+002	4.6577220000000003E-002
2.1424279412297315E+002	4.2932550000000000E-002
2.1472591247031488E+002	3.3590660000000001E-002
2.1520899562286442E+002	1.9743630000000002E-002
2.1569209940368185E+002	3.1646990000000000E-003
2.1617527697391088E+002	-1.3985849999999999E-002
2.1665857213657304E+002	-2.9450859999999999E-002
2.1714200712313530E+002	-4.1190579999999997E-002
2.1762538257512372E+002	-4.7641190000000000E-002
2.1810860990531691E+002	-4.7940049999999998E-002
2.1859172073257804E+002	-4.2028200000000002E-002
2.1907476120257920E+002	-3.0628349999999999E-002
2.1955778617085264E+002	-1.5208790000000000E-002
2.2004085275337007E+002	2.2476449999999999E-003
2.2052401271360594E+002	1.9446240000000000E-002
2.2100730596458493E+002	3.4133390000000000E-002
2.2149072713271485E+002	4.4358250000000002E-002
2.2197404235247919E+002	4.8754249999999999E-002
2.2245721571482977E+002	4.6732559999999999E-002
2.2294028569338280E+002	3.8528739999999999E-002
2.2342330354933085E+002	2.5179719999999999E-002
2.2390632715031722E+002	8.4076979999999999E-003
2.2438941382003389E+002	-9.6082849999999994E-003
2.2487261276725869E+002	-2.6494509999999999E-002
2.2535595887555007E+002	-4.0028059999999997E-002
2.2583932867033889E+002	-4.8407079999999998E-002
2.2632253982836480E+002	-5.0518340000000002E-002
2.2680561916116130E+002	-4.6074200000000003E-002
2.2728861141886429E+002	-3.5623809999999999E-002
2.2777157204528675E+002	-2.0507410000000000E-002
2.2825456070739321E+002	-2.6785659999999998E-003
2.2873763362789671E+002	1.5523910000000000E-002
2.2922083627096666E+002	3.1714529999999998E-002
2.2970419382649538E+002	4.3746889999999997E-002
2.3018750526209922E+002	5.0016800000000000E-002
2.3067066223389585E+002	4.9688700000000002E-002
2.3115370026473363E+002	4.2795000000000000E-002
2.3163666984444646E+002	3.0203950000000000E-002
2.3211962988155483E+002	1.3545230000000000E-002
2.3260264081258970E+002	-5.0151579999999996E-003
2.3308575651516773E+002	-2.3033379999999999E-002
2.3356901756426575E+002	-3.8140550000000002E-002
2.3405237293014130E+002	-4.8324489999999998E-002
2.3453558062241814E+002	-5.2237869999999999E-002
2.3501864318509271E+002	-4.9358600000000002E-002
2.3550160306741543E+002	-4.0049160000000000E-002
2.3598451549613392E+002	-2.5500849999999999E-002
2.3646744167131956E+002	-7.5994449999999998E-003
2.3695044137085796E+002	1.1308960000000000E-002
2.3743356490779271E+002	2.8744499999999999E-002
2.3791684678724758E+002	4.2401830000000001E-002
2.3840016269968484E+002	5.0460800000000000E-002
2.3888331595659983E+002	5.1851670000000002E-002
2.3936633637470271E+002	4.6386820000000002E-002
2.3984927279659854E+002	3.4762880000000003E-002
2.4033218439529392E+002	1.8482570000000000E-002
2.4081513369887981E+002	-3.3491730000000000E-004
2.4129817851257445E+002	-1.9211389999999998E-002
2.4178136447558518E+002	-3.5668590000000000E-002
2.4226469080877700E+002	-4.7514340000000002E-002
2.4274790544969397E+002	-5.3182630000000002E-002
2.4323096366720236E+002	-5.1924100000000001E-002
2.4371390489813251E+002	-4.3898409999999999E-002
2.4419678334470694E+002	-3.0136170000000000E-002
2.4467966093565232E+002	-1.2421330000000000E-002
2.4516260008742489E+002	6.9216199999999999E-003
2.4564565532444485E+002	2.5356130000000001E-002
2.4612886640501921E+002	4.0450229999999997E-002
2.4661217717051449E+002	5.0192290000000001E-002
2.4709533708749098E+002	5.3291110000000003E-002
2.4757835196144151E+002	4.9337359999999997E-002
2.4806126823437970E+002	3.8842260000000003E-002
2.4854414462881039E+002	2.3163190000000000E-002
2.4902704490189765E+002	4.3413929999999998E-003
2.4951003004591317E+002	-1.5142800000000000E-002
2.4999315015544417E+002	-3.2733739999999997E-002
2.5047643340397869E+002	-4.6090430000000002E-002
2.5095966324738751E+002	-5.3444590000000000E-002
2.5144272729146090E+002	-5.3829170000000003E-002
2.5192566141222159E+002	-4.7190879999999998E-002
2.5240851803604545E+002	-3.4390339999999998E-002
2.5289135915967205E+002	-1.7086430000000000E-002
2.5337424899589195E+002	2.4512420000000002E-003
2.5385724565559281E+002	2.1656470000000001E-002
2.5434039363395303E+002	3.8002460000000002E-002
2.5482368576778151E+002	4.9311319999999999E-002
2.5530686060503305E+002	5.4083630000000001E-002
2.5578987984033293E+002	5.1692320000000000E-002
2.5627278691292520E+002	4.2450160000000001E-002
2.5675563941060540E+002	2.7557700000000001E-002
2.5723850162503129E+002	8.9515410000000004E-003
2.5772143698589582E+002	-1.0914200000000001E-002
2.5820449951271922E+002	-2.9434820000000000E-002
2.5868772700426149E+002	-4.4150960000000003E-002
2.5917097750113794E+002	-5.3109200000000002E-002
2.5965405552770022E+002	-5.5133620000000001E-002
2.6013699205690591E+002	-4.9958469999999998E-002
2.6061983711266265E+002	-3.8260479999999999E-002
2.6110265213726967E+002	-2.1558660000000000E-002
2.6158550242525433E+002	-2.0384790000000002E-003
2.6206844906431257E+002	1.7728680000000000E-002
2.6255154078905997E+002	3.5149500000000000E-002
2.6303480062938280E+002	4.7904450000000001E-002
2.6351799683160948E+002	5.4300500000000002E-002
2.6400102844502743E+002	5.3498169999999998E-002
2.6448393542103963E+002	4.5604119999999998E-002
2.6496677357520861E+002	3.1652109999999997E-002
2.6544960716922748E+002	1.3453310000000000E-002
2.6593250135869744E+002	-6.5912089999999998E-003
2.6641551358434714E+002	-2.5851880000000001E-002
2.6689868625760704E+002	-4.1777729999999999E-002
2.6738194802566073E+002	-5.2250860000000003E-002
2.6786504647162775E+002	-5.5894760000000002E-002
2.6834799317637572E+002	-5.2234719999999998E-002
2.6883083524424114E+002	-4.1752280000000003E-002
2.6931363297478032E+002	-2.5814139999999999E-002
2.6979645215240885E+002	-6.4999710000000002E-003
2.7027935622858865E+002	1.3639200000000001E-002
2.7076239773320532E+002	3.1966370000000001E-002
2.7124561164148253E+002	4.6045589999999997E-002
2.7172883401839408E+002	5.4004969999999999E-002
2.7221188441967610E+002	5.4798600000000003E-002
2.7269479880376383E+002	4.8325809999999997E-002
2.7317763066622052E+002	3.5440409999999999E-002
2.7366044371865519E+002	1.7816840000000000E-002
2.7414330421380384E+002	-2.2249290000000001E-003
2.7462627252016966E+002	-2.2049559999999999E-002
2.7510939524782702E+002	-3.9040060000000001E-002
2.7559265399348794E+002	-5.0933659999999999E-002
2.7607577786433495E+002	-5.6164319999999997E-002
2.7655874104431780E+002	-5.4051650000000000E-002
2.7704158728613646E+002	-4.4874410000000003E-002
2.7752437519465070E+002	-2.9837670000000000E-002
2.7800717055400480E+002	-1.0896919999999999E-002
2.7849003857636956E+002	9.4406650000000009E-003
2.7897303517991151E+002	2.8515309999999999E-002
2.7945619990690835E+002	4.3796830000000002E-002
2.7993944163847704E+002	5.3251319999999998E-002
2.8042251590582237E+002	5.5633200000000001E-002
2.8090544386911318E+002	5.0635720000000002E-002
2.8138827623415330E+002	3.8922110000000003E-002
2.8187107566894178E+002	2.2019279999999999E-002
2.8235390898298135E+002	2.1448200000000000E-003
2.8283683898217214E+002	-1.8080380000000000E-002
2.8331991607356969E+002	-3.5994970000000001E-002
2.8380315733126724E+002	-4.9211840000000000E-002
2.8428631045805264E+002	-5.5986380000000002E-002
2.8476929520051209E+002	-5.5436500000000000E-002
2.8525215159054858E+002	-4.7637369999999998E-002
2.8573493605293953E+002	-3.3618660000000002E-002
2.8621771391724081E+002	-1.5202320000000000E-002
2.8670055160683171E+002	5.1761089999999999E-003
2.8718350802001692E+002	2.4847290000000001E-002
2.8766662692229613E+002	4.1209900000000001E-002
2.8814987366401812E+002	5.2084980000000003E-002
2.8863297578660229E+002	5.6036130000000003E-002
2.8911592240456758E+002	5.2552030000000000E-002
2.8959876103139112E+002	4.2097650000000000E-002
2.9008155281704393E+002	2.6042559999999999E-002
2.9056436466842194E+002	6.4854969999999998E-003
2.9104726132682896E+002	-1.3987770000000000E-002
2.9153029663625244E+002	-3.2689860000000001E-002
2.9201350589388085E+002	-4.7130489999999997E-002
2.9249669115416481E+002	-5.5397900000000000E-002
2.9297970155515185E+002	-5.6413650000000003E-002
2.9346257309505143E+002	-5.0049459999999997E-002
2.9394535959144469E+002	-3.7148510000000003E-002
2.9442812548755825E+002	-1.9391960000000000E-002
2.9491093792465165E+002	8.8064790000000001E-004
2.9539385836963635E+002	2.1004310000000002E-002
2.9587693447184080E+002	3.8328170000000002E-002
2.9636017156944951E+002	5.0544480000000003E-002
2.9684330464850007E+002	5.6036139999999998E-002
2.9732627410466205E+002	5.4089560000000002E-002
2.9780912390508149E+002	4.4966539999999999E-002
2.9829191323547144E+002	2.9871290000000002E-002
2.9877470870023836E+002	1.0769490000000000E-002
2.9925757647667058E+002	-9.8081260000000003E-003
2.9974057350446293E+002	-2.9164780000000001E-002
3.0022374023861039E+002	-4.4727190000000000E-002
3.0070695580522658E+002	-5.4429699999999998E-002
3.0118999515228626E+002	-5.7002940000000002E-002
3.0167288605432907E+002	-5.2117110000000001E-002
3.0215567934316078E+002	-4.0421020000000002E-002
3.0263843815489400E+002	-2.3445080000000000E-002
3.0312122991440259E+002	-3.4160660000000002E-003
3.0360411823214866E+002	1.7022800000000001E-002
3.0408715431199431E+002	3.5188619999999997E-002
3.0457036695593342E+002	4.8662430000000000E-002
3.0505353337104344E+002	5.5657140000000001E-002
3.0553652912288345E+002	5.5259750000000003E-002
3.0601939432094230E+002	4.7529090000000003E-002
3.0650218578007537E+002	3.3492069999999999E-002
3.0698496941950481E+002	1.4973920000000000E-002
3.0746781238582304E+002	-5.5732259999999997E-003
3.0795077436320435E+002	-2.5454879999999999E-002
3.0843389986066057E+002	-4.2034839999999997E-002
3.0891713162263903E+002	-5.3108009999999997E-002
3.0940020254565582E+002	-5.7221679999999997E-002
3.0988311638330987E+002	-5.3845759999999999E-002
3.1036592064602553E+002	-4.3429240000000001E-002
3.1084867674368559E+002	-2.7342890000000002E-002
3.1133145201128769E+002	-7.6873560000000002E-003
3.1181431175146042E+002	1.2934859999999999E-002
3.1229731042496405E+002	3.1823430000000000E-002
3.1278048476017062E+002	4.6467250000000002E-002
3.1326368531620687E+002	5.4919770000000000E-002
3.1374671022805722E+002	5.6073320000000003E-002
3.1422959449188994E+002	4.9784570000000000E-002
3.1471239217891639E+002	3.6892290000000001E-002
3.1519516814894178E+002	1.9076710000000000E-002
3.1567799008605760E+002	-1.3115150000000001E-003
3.1616092005770804E+002	-2.1590990000000001E-002
3.1664400631900139E+002	-3.9082480000000003E-002
3.1712723917908107E+002	-5.1456280000000000E-002
3.1761034376644801E+002	-5.7084459999999997E-002
3.1809328359142114E+002	-5.5238929999999999E-002
3.1857610253596613E+002	-4.6166169999999999E-002
3.1905885989261094E+002	-3.1068109999999999E-002
3.1954162254987750E+002	-1.1909270000000000E-002
3.2002445706067294E+002	8.7690049999999999E-003
3.2050742083798957E+002	2.8262190000000000E-002
3.2099055482231950E+002	4.3983860000000000E-002
3.2147377809947307E+002	5.3841720000000003E-002
3.2195683454250849E+002	5.6538909999999998E-002
3.2243974108340075E+002	5.1730940000000003E-002
3.2292254870806039E+002	4.0061340000000001E-002
3.2340532084133417E+002	2.3056980000000001E-002
3.2388812531404653E+002	2.9518130000000002E-003
3.2437102619636858E+002	-1.7601080000000002E-002
3.2485407518367384E+002	-3.5896230000000001E-002
3.2533729397588934E+002	-4.9495419999999998E-002
3.2582043386005523E+002	-5.6604019999999998E-002
3.2630340228673879E+002	-5.6299070000000000E-002
3.2678623922917052E+002	-4.8626099999999998E-002
3.2726900149933800E+002	-3.4604900000000001E-002
3.2775175518711410E+002	-1.6060240000000000E-002
3.2823456767586384E+002	4.5521839999999999E-003
3.2871749900874812E+002	2.4531680000000000E-002
3.2920059406388140E+002	4.1235450000000000E-002
3.2968382493697681E+002	5.2439159999999999E-002
3.3016691486334457E+002	5.6664270000000003E-002
3.3064984650764956E+002	5.3366030000000002E-002
3.3113266745912836E+002	4.2987770000000002E-002
3.3161543932693530E+002	2.6895010000000000E-002
3.3209822974177990E+002	7.1925340000000004E-003
3.3258110436495218E+002	-1.3511960000000000E-002
3.3306411805172883E+002	-3.2500590000000003E-002
3.3354730764196023E+002	-4.7244639999999997E-002
3.3403048406295699E+002	-5.5791979999999998E-002
3.3451348332757351E+002	-5.7029219999999999E-002
3.3499634125330442E+002	-5.0801380000000000E-002
3.3547911183020693E+002	-3.7937539999999999E-002
3.3596185999864457E+002	-2.0117429999999999E-002
3.3644465357876265E+002	3.0965240000000002E-004
3.3692755490282536E+002	2.0656919999999999E-002
3.3741061250406625E+002	3.8243869999999999E-002
3.3789383570092326E+002	5.0727630000000003E-002
3.3837696069617516E+002	5.6456369999999999E-002
3.3885991993850985E+002	5.4687050000000001E-002
3.3934275732844554E+002	4.5659829999999998E-002
3.3982553229526934E+002	3.0571470000000000E-002
3.4030831193844949E+002	1.1387080000000001E-002
3.4079116309499966E+002	-9.3489490000000005E-003
3.4127414349266354E+002	-2.8919319999999998E-002
3.4175729437520044E+002	-4.4721890000000000E-002
3.4224050272553825E+002	-5.4658949999999998E-002
3.4272353473259403E+002	-5.7431280000000001E-002
3.4320641634036724E+002	-5.2684920000000003E-002
3.4368919840192274E+002	-4.1052310000000002E-002
3.4417194434630795E+002	-2.4059160000000000E-002
3.4465472207268067E+002	-3.9349320000000004E-003
3.4513759583248515E+002	1.6662830000000000E-002
3.4562061753591536E+002	3.5030390000000002E-002
3.4610381774357955E+002	4.8722030000000000E-002
3.4658697906851421E+002	5.5921890000000002E-002
3.4706996810860375E+002	5.5691060000000001E-002
3.4755282480853390E+002	4.8067899999999997E-002
3.4803560607111251E+002	3.4068349999999997E-002
3.4851837813371975E+002	1.5513940000000000E-002
3.4900120860715907E+002	-5.1368960000000002E-003
3.4948415778537009E+002	-2.5175869999999999E-002
3.4996727082034016E+002	-4.1945719999999999E-002
3.5045049603730888E+002	-5.3215810000000002E-002
3.5093356239403977E+002	-5.7508120000000003E-002
3.5141647012810881E+002	-5.4270560000000002E-002
3.5189926666358105E+002	-4.3934750000000002E-002
3.5238201354997989E+002	-2.7864350000000000E-002
3.5286477844326839E+002	-8.1578429999999997E-003
3.5334762711031226E+002	1.2573710000000000E-002
3.5383061457854586E+002	3.1615980000000002E-002
3.5431377816392558E+002	4.6437449999999998E-002
3.5479697516005427E+002	5.5067949999999997E-002
3.5527999592866036E+002	5.6376900000000001E-002
3.5576287459509558E+002	5.0201740000000002E-002
3.5624566520553367E+002	3.7368150000000003E-002
3.5672843280095725E+002	1.9550350000000001E-002
3.5721124538393457E+002	-9.0015440000000004E-004
3.5769416548904923E+002	-2.1293139999999999E-002

 
